# t (s)	mx ()	my ()	mz ()	m.region21x ()	m.region21y ()	m.region21z ()	m.region22x ()	m.region22y ()	m.region22z ()	m.region23x ()	m.region23y ()	m.region23z ()	B_extx (T)	B_exty (T)	B_extz (T)	B_eff.region6x (T)	B_eff.region6y (T)	B_eff.region6z (T)	B_eff.region9x (T)	B_eff.region9y (T)	B_eff.region9z (T)	step_x (No unit)	step_y (No unit)
0	0	-0.20130607	0	-0.7071071	0.7071072	0	0.70710725	-0.70710725	0	-0.70710725	-0.70710725	0	0	0	0	0.008392491	-0.029030152	2.4919171e-09	NaN	NaN	NaN	0	1e-07
0	0	-0.2013061	0	-0.7071072	0.7071071	0	0.70710725	-0.70710725	0	-0.70710725	-0.70710725	0	0	0	0	-0.0040707146	-0.023900835	2.4415754e-09	NaN	NaN	NaN	7.420495e-09	1e-07
0	0	-0.20130607	0	-0.7071072	0.7071071	0	0.70710725	-0.70710725	0	-0.7071072	-0.70710725	0	0	0	0	-0.016333679	-0.019395107	2.2150375e-09	NaN	NaN	NaN	1.484099e-08	1e-07
0	0	-0.2013061	0	-0.7071071	0.7071072	0	0.70710725	-0.70710725	0	-0.70710725	-0.70710725	0	0	0	0	-0.02809547	-0.015676692	5.0845177e-09	NaN	NaN	NaN	2.2261483e-08	1e-07
0	0	-0.20130607	0	-0.7071071	0.7071071	0	0.70710725	-0.70710725	0	-0.70710725	-0.70710725	0	0	0	0	-0.039122764	-0.012789124	4.9838342e-09	NaN	NaN	NaN	2.968198e-08	1e-07
0	0	-0.2013061	0	-0.7071071	0.7071072	0	0.70710725	-0.70710725	0	-0.70710725	-0.70710725	0	0	0	0	-0.049260236	-0.010691938	6.544429e-09	NaN	NaN	NaN	3.7102474e-08	1e-07
0	0	-0.20130607	0	-0.7071071	0.7071071	0	0.70710725	-0.70710725	0	-0.70710725	-0.70710725	0	0	0	0	-0.058424704	-0.009297137	6.4185746e-09	NaN	NaN	NaN	4.4522967e-08	1e-07
0	0	-0.20130607	0	-0.7071071	0.7071071	0	0.70710725	-0.70710725	0	-0.70710725	-0.70710725	0	0	0	0	-0.066590466	-0.008496594	8.30639e-09	NaN	NaN	NaN	5.1943463e-08	1e-07
0	0	-0.20130607	0	-0.7071072	0.7071071	0	0.70710725	-0.70710725	0	-0.70710725	-0.70710725	0	0	0	0	-0.07377313	-0.008179493	8.784637e-09	NaN	NaN	NaN	5.936396e-08	1e-07
0	0	-0.20130606	0	-0.7071071	0.7071071	0	0.70710725	-0.70710725	0	-0.70710725	-0.70710725	0	0	0	0	-0.08001586	-0.008241835	5.034176e-09	NaN	NaN	NaN	6.678445e-08	1e-07
0	0	-0.20130607	0	-0.7071071	0.7071072	0	0.70710725	-0.70710725	0	-0.70710725	-0.70710725	0	0	0	0	-0.08537843	-0.008590916	9.564934e-10	NaN	NaN	NaN	7.420495e-08	1e-07
0	0	-0.20130607	0	-0.7071071	0.7071071	0	0.70710725	-0.70710725	0	-0.70710725	-0.70710725	0	0	0	0	-0.08992983	-0.009146708	-2.7687969e-10	NaN	NaN	NaN	8.1625444e-08	1e-07
0	0	-0.20130606	0	-0.7071072	0.7071072	0	0.70710725	-0.70710725	0	-0.70710725	-0.70710725	0	0	0	0	-0.093743004	-0.009841794	1.5857655e-09	NaN	NaN	NaN	8.904593e-08	1e-07
0	0	-0.20130606	0	-0.7071071	0.7071072	0	0.70710725	-0.70710725	0	-0.70710725	-0.70710725	0	0	0	0	-0.09689142	-0.010620483	3.976999e-09	NaN	NaN	NaN	9.646643e-08	1e-07
0	0	-0.20130606	0	-0.7071071	0.7071071	0	0.70710725	-0.7071073	0	-0.70710725	-0.70710725	0	0	0	0	-0.099447265	-0.011437687	4.178366e-09	NaN	NaN	NaN	1.03886926e-07	1e-07
0	0	-0.20130607	0	-0.7071072	0.7071071	0	0.70710725	-0.70710725	0	-0.70710725	-0.70710725	0	0	0	0	-0.10147956	-0.012257731	1.9633286e-09	NaN	NaN	NaN	1.1130742e-07	1e-07
0	0	-0.2013061	0	-0.7071071	0.7071072	0	0.70710725	-0.70710725	0	-0.70710725	-0.70710725	0	0	0	0	-0.10305418	-0.013053194	2.944993e-09	NaN	NaN	NaN	1.1872792e-07	1e-07
0	0	-0.20130607	0	-0.7071071	0.7071071	0	0.70710725	-0.70710725	0	-0.70710725	-0.70710725	0	0	0	0	-0.10423257	-0.013803849	1.4724965e-09	NaN	NaN	NaN	1.2614841e-07	1e-07
0	0	-0.20130607	0	-0.7071071	0.7071071	0	0.70710725	-0.70710725	0	-0.70710725	-0.70710725	0	0	0	0	-0.10507228	-0.014495653	3.4987524e-09	NaN	NaN	NaN	1.335689e-07	1e-07
0	0	-0.20130607	0	-0.7071071	0.7071071	0	0.70710725	-0.70710737	0	-0.70710725	-0.70710725	0	0	0	0	-0.105626106	-0.015119836	3.7756323e-09	NaN	NaN	NaN	1.409894e-07	1e-07
0	0	-0.20130607	0	-0.7071071	0.7071071	0	0.70710725	-0.70710725	0	-0.70710725	-0.70710725	0	0	0	0	-0.105942994	-0.015672047	8.218293e-09	NaN	NaN	NaN	1.484099e-07	1e-07
0	0	-0.2013061	0	-0.7071071	0.7071071	0	0.70710725	-0.70710725	0	-0.70710725	-0.70710725	0	0	0	0	-0.10606701	-0.016151562	8.507757e-09	NaN	NaN	NaN	1.5583039e-07	1e-07
0	0	-0.2013061	0	-0.7071071	0.7071072	0	0.70710725	-0.70710725	0	-0.70710725	-0.70710725	0	0	0	0	-0.1060388	-0.016560605	8.595856e-09	NaN	NaN	NaN	1.6325089e-07	1e-07
0	0	-0.20130607	0	-0.7071072	0.7071072	0	0.70710725	-0.70710725	0	-0.7071072	-0.70710725	0	0	0	0	-0.10589449	-0.016903676	3.3225562e-09	NaN	NaN	NaN	1.7067138e-07	1e-07
0	0	-0.20130607	0	-0.7071072	0.7071071	0	0.70710725	-0.70710725	0	-0.70710725	-0.70710725	0	0	0	0	-0.10566706	-0.01718702	3.486167e-09	NaN	NaN	NaN	1.7809187e-07	1e-07
0	0	-0.20130607	0	-0.7071071	0.7071071	0	0.70710725	-0.70710725	0	-0.70710725	-0.70710725	0	0	0	0	-0.105385624	-0.017418148	-6.7961375e-10	NaN	NaN	NaN	1.8551236e-07	1e-07
0	0	-0.2013061	0	-0.7071071	0.7071072	0	0.70710725	-0.70710725	0	-0.70710725	-0.70710725	0	0	0	0	-0.10507649	-0.017605431	-7.047847e-10	NaN	NaN	NaN	1.9293286e-07	1e-07
0	0	-0.2013061	0	-0.7071071	0.7071072	0	0.70710725	-0.70710725	0	-0.70710725	-0.70710725	0	0	0	0	-0.104762815	-0.017757777	-2.4038191e-09	NaN	NaN	NaN	2.0035336e-07	1e-07
0	0	-0.20130607	0	-0.7071071	0.7071071	0	0.70710725	-0.70710725	0	-0.70710725	-0.70710725	0	0	0	0	-0.10446543	-0.017884389	1.0194207e-09	NaN	NaN	NaN	2.0777385e-07	1e-07
0	0	-0.20130607	0	-0.7071071	0.7071071	0	0.70710725	-0.70710725	0	-0.70710725	-0.70710725	0	0	0	0	-0.10420254	-0.01799457	1.0508843e-09	NaN	NaN	NaN	2.1519435e-07	1e-07
0	0	-0.20130607	0	-0.7071071	0.7071071	0	0.70710725	-0.70710725	0	-0.70710725	-0.70710725	0	0	0	0	-0.10399055	-0.018097598	3.4672887e-09	NaN	NaN	NaN	2.2261484e-07	1e-07
0	0	-0.20130607	0	-0.7071071	0.7071072	0	0.70710725	-0.70710725	0	-0.70710725	-0.70710725	0	0	0	0	-0.103843614	-0.018202633	-6.4185746e-10	NaN	NaN	NaN	2.3003534e-07	1e-07
0	0	-0.2013061	0	-0.7071071	0.7071071	0	0.70710725	-0.70710725	0	-0.70710725	-0.70710725	0	0	0	0	-0.10377479	-0.018318703	1.9507432e-10	NaN	NaN	NaN	2.3745584e-07	1e-07
0	0	-0.2013061	0	-0.7071071	0.7071071	0	0.70710725	-0.70710725	0	-0.70710725	-0.70710725	0	0	0	0	-0.10379498	-0.018454665	-2.0860367e-09	NaN	NaN	NaN	2.4487633e-07	1e-07
0	0	-0.20130607	0	-0.7071071	0.7071072	0	0.70710725	-0.70710725	0	-0.70710725	-0.70710725	0	0	0	0	-0.1039141	-0.01861926	-3.2785072e-09	NaN	NaN	NaN	2.5229681e-07	1e-07
0	0	-0.20130606	0	-0.7071071	0.7071071	0	0.70710725	-0.70710725	0	-0.70710725	-0.70710725	0	0	0	0	-0.10414081	-0.018821115	-1.0792015e-09	NaN	NaN	NaN	2.5971732e-07	1e-07
0	0	-0.20130607	0	-0.7071072	0.7071072	0	0.70710725	-0.7071073	0	-0.70710725	-0.70710725	0	0	0	0	-0.104482576	-0.01906886	2.399886e-09	NaN	NaN	NaN	2.671378e-07	1e-07
0	0	-0.20130607	0	-0.7071071	0.7071072	0	0.70710725	-0.70710725	0	-0.70710725	-0.70710725	0	0	0	0	-0.104945645	-0.019371139	1.1173757e-09	NaN	NaN	NaN	2.7455832e-07	1e-07
0	0	-0.20130606	0	-0.7071071	0.7071072	0	0.70710725	-0.70710725	0	-0.70710725	-0.70710725	0	0	0	0	-0.105535224	-0.019736735	2.5466957e-09	NaN	NaN	NaN	2.819788e-07	1e-07
0	0	-0.20130607	0	-0.7071071	0.7071071	0	0.7071073	-0.70710725	0	-0.70710725	-0.70710725	0	0	0	0	-0.106255285	-0.020174632	3.86491e-09	NaN	NaN	NaN	2.8939928e-07	1e-07
0	0	-0.20130607	0	-0.7071071	0.7071071	0	0.70710725	-0.70710725	0	-0.70710725	-0.70710725	0	0	0	0	-0.10710859	-0.02069413	4.7651625e-09	NaN	NaN	NaN	2.968198e-07	1e-07
0	0	-0.20130606	0	-0.7071072	0.7071072	0	0.70710725	-0.70710725	0	-0.70710725	-0.70710725	0	0	0	0	-0.10809639	-0.0213049	2.4525877e-09	NaN	NaN	NaN	3.0424027e-07	1e-07
0	0	-0.20130607	0	-0.7071071	0.7071072	0	0.70710725	-0.70710725	0	-0.70710725	-0.70710725	0	0	0	0	-0.109218225	-0.022017106	-1.0477379e-09	NaN	NaN	NaN	3.1166078e-07	1e-07
0	0	-0.2013061	0	-0.7071071	0.7071071	0	0.70710725	-0.70710725	0	-0.70710725	-0.70710725	0	0	0	0	-0.110471494	-0.022841427	-3.0834328e-09	NaN	NaN	NaN	3.1908127e-07	1e-07
0	0	-0.2013061	0	-0.7071071	0.7071071	0	0.70710725	-0.70710725	0	-0.70710725	-0.70710725	0	0	0	0	-0.11185129	-0.023789145	-6.4185746e-10	NaN	NaN	NaN	3.2650178e-07	1e-07
0	0	-0.20130607	0	-0.7071071	0.7071071	0	0.7071073	-0.70710725	0	-0.70710725	-0.70710725	0	0	0	0	-0.11334914	-0.024872102	2.1017685e-09	NaN	NaN	NaN	3.3392226e-07	1e-07
0	0	-0.20130606	0	-0.7071071	0.7071071	0	0.70710725	-0.70710725	0	-0.70710725	-0.70710725	0	0	0	0	-0.11495283	-0.026102668	1.2333732e-09	NaN	NaN	NaN	3.4134277e-07	1e-07
0	0	-0.2013061	0	-0.7071072	0.7071072	0	0.70710725	-0.70710725	0	-0.70710725	-0.70710725	0	0	0	0	-0.11664464	-0.027493509	2.0828903e-09	NaN	NaN	NaN	3.4876325e-07	1e-07
0	0	-0.20130607	0	-0.7071071	0.7071071	0	0.70710725	-0.70710725	0	-0.7071072	-0.70710725	0	0	0	0	-0.11840075	-0.0290573	2.8883584e-09	NaN	NaN	NaN	3.5618373e-07	1e-07
0	0	-0.20130607	0	-0.7071072	0.7071072	0	0.70710725	-0.70710725	0	-0.70710725	-0.70710725	0	0	0	0	-0.120188765	-0.03080603	1.7745471e-09	NaN	NaN	NaN	3.6360424e-07	1e-07
0	0	-0.2013061	0	-0.7071071	0.7071071	0	0.70710725	-0.70710725	0	-0.70710725	-0.70710725	0	0	0	0	-0.121965975	-0.03275011	2.6429425e-10	NaN	NaN	NaN	3.7102473e-07	1e-07
0	0	-0.2013061	0	-0.7071071	0.7071071	0	0.70710725	-0.70710725	0	-0.70710725	-0.70710725	0	0	0	0	-0.12367653	-0.034896754	1.5354237e-09	NaN	NaN	NaN	3.7844524e-07	1e-07
0	0	-0.2013061	0	-0.7071071	0.7071072	0	0.70710725	-0.70710725	0	-0.70710725	-0.70710725	0	0	0	0	-0.12524894	-0.037247714	2.6429425e-10	NaN	NaN	NaN	3.8586572e-07	1e-07
0	0	-0.20130607	0	-0.7071071	0.7071072	0	0.70710725	-0.70710725	0	-0.70710725	-0.70710725	0	0	0	0	-0.12659222	-0.039795764	2.0136703e-09	NaN	NaN	NaN	3.9328623e-07	1e-07
0	0	-0.20130607	0	-0.7071072	0.7071071	0	0.70710725	-0.70710725	0	-0.70710725	-0.70710725	0	0	0	0	-0.127593	-0.04251987	1.975914e-09	NaN	NaN	NaN	4.007067e-07	1e-07
0	0	-0.20130607	0	-0.7071072	0.7071072	0	0.70710725	-0.70710725	0	-0.70710725	-0.70710725	0	0	0	0	-0.12811284	-0.045378342	2.42899e-09	NaN	NaN	NaN	4.0812722e-07	1e-07
0	0	-0.2013061	0	-0.7071072	0.7071071	0	0.70710725	-0.70710725	0	-0.70710725	-0.70710725	0	0	0	0	-0.12798801	-0.04830006	5.034176e-10	NaN	NaN	NaN	4.155477e-07	1e-07
0	0	-0.2013061	0	-0.7071071	0.7071071	0	0.70710725	-0.70710725	0	-0.70710725	-0.70710725	0	0	0	0	-0.1270326	-0.051174007	-4.027341e-10	NaN	NaN	NaN	4.2296818e-07	1e-07
0	0	-0.2013061	0	-0.7071072	0.7071071	0	0.7071073	-0.70710725	0	-0.70710725	-0.70710725	0	0	0	0	-0.1250491	-0.053839315	-2.8443095e-09	NaN	NaN	NaN	4.303887e-07	1e-07
0	0	-0.20130606	0	-0.7071072	0.7071072	0	0.70710725	-0.7071073	0	-0.70710725	-0.70710725	0	0	0	0	-0.121848494	-0.05608035	-3.2470435e-09	NaN	NaN	NaN	4.3780918e-07	1e-07
0	0	-0.2013061	0	-0.7071072	0.7071072	0	0.70710725	-0.70710725	0	-0.70710725	-0.70710725	0	0	0	0	-0.117279865	-0.05763516	-3.6246068e-09	NaN	NaN	NaN	4.452297e-07	1e-07
0	0	-0.20130607	0	-0.7071071	0.7071072	0	0.70710725	-0.70710725	0	-0.70710725	-0.70710725	0	0	0	0	-0.11126384	-0.058226425	-3.1967018e-09	NaN	NaN	NaN	4.5265017e-07	1e-07
0	0	-0.20130607	0	-0.7071071	0.7071071	0	0.70710725	-0.70710725	0	-0.70710725	-0.70710725	0	0	0	0	-0.103814825	-0.057617344	5.285885e-10	NaN	NaN	NaN	4.6007068e-07	1e-07
0	0	-0.20130607	0	-0.7071072	0.7071071	0	0.70710725	-0.70710725	0	-0.70710725	-0.70710725	0	0	0	0	-0.09503835	-0.055679128	2.718455e-09	NaN	NaN	NaN	4.6749116e-07	1e-07
0	0	-0.20130607	0	-0.7071071	0.7071071	0	0.70710725	-0.70710725	0	-0.70710725	-0.70710725	0	0	0	0	-0.08510287	-0.05244301	3.2218728e-09	NaN	NaN	NaN	4.7491167e-07	1e-07
0	0	-0.20130606	0	-0.7071071	0.7071071	0	0.7071073	-0.70710725	0	-0.70710725	-0.70710725	0	0	0	0	-0.07420828	-0.048113987	4.5055875e-09	NaN	NaN	NaN	4.8233215e-07	1e-07
0	0	-0.2013061	0	-0.7071071	0.7071071	0	0.70710725	-0.70710725	0	-0.70710725	-0.70710725	0	0	0	0	-0.062571794	-0.043041054	1.9129869e-09	NaN	NaN	NaN	4.8975267e-07	1e-07
0	0	-0.2013061	0	-0.7071071	0.7071071	0	0.70710725	-0.70710725	0	-0.70710725	-0.70710725	0	0	0	0	-0.050437205	-0.037653536	2.089183e-09	NaN	NaN	NaN	4.971731e-07	1e-07
0	0	-0.20130607	0	-0.7071072	0.7071071	0	0.70710725	-0.70710725	0	-0.70710725	-0.70710725	0	0	0	0	-0.038087443	-0.03237895	1.7367907e-09	NaN	NaN	NaN	5.0459363e-07	1e-07
0	0	-0.2013061	0	-0.7071072	0.7071072	0	0.70710725	-0.70710725	0	-0.70710725	-0.70710725	0	0	0	0	-0.02583753	-0.02756558	2.5422588e-09	NaN	NaN	NaN	5.1201414e-07	1e-07
0	0	-0.2013061	0	-0.7071071	0.7071071	0	0.70710737	-0.70710725	0	-0.70710725	-0.70710725	0	0	0	0	-0.014000379	-0.02343511	3.0456766e-09	NaN	NaN	NaN	5.1943465e-07	1e-07
0	0	-0.20130606	0	-0.7071071	0.7071072	0	0.70710725	-0.70710725	0	-0.70710725	-0.70710725	0	0	0	0	-0.0028445164	-0.020078674	1.5354237e-09	NaN	NaN	NaN	5.268551e-07	1e-07
0	0	-0.2013061	0	-0.7071071	0.7071071	0	0.70710725	-0.70710725	0	-0.70710725	-0.70710725	0	0	0	0	0.0074346936	-0.017485967	-1.7871326e-09	NaN	NaN	NaN	5.342756e-07	1e-07
0	0	-0.20130607	0	-0.7071071	0.7071072	0	0.70710725	-0.70710725	0	-0.70710725	-0.70710725	0	0	0	0	0.016720708	-0.015585274	-7.551264e-11	NaN	NaN	NaN	5.416961e-07	1e-07
0	0	-0.2013061	0	-0.7071072	0.7071072	0	0.70710725	-0.70710725	0	-0.70710725	-0.70710725	0	0	0	0	0.024964921	-0.014277032	-7.551264e-10	NaN	NaN	NaN	5.4911663e-07	1e-07
0	0	-0.20130607	0	-0.7071071	0.7071071	0	0.70710725	-0.70710725	0	-0.70710725	-0.70710725	0	0	0	0	0.032169282	-0.013455584	3.5239234e-10	NaN	NaN	NaN	5.565371e-07	1e-07
0	0	-0.20130607	0	-0.7071071	0.7071071	0	0.70710725	-0.70710725	0	-0.70710725	-0.70710725	0	0	0	0	0.038369834	-0.013020761	-7.047847e-10	NaN	NaN	NaN	5.639576e-07	1e-07
0	0	-0.20130606	0	-0.7071071	0.7071072	0	0.70710725	-0.70710725	0	-0.70710725	-0.70710725	0	0	0	0	0.043623567	-0.012882906	-2.7687969e-10	NaN	NaN	NaN	5.713781e-07	1e-07
0	0	-0.20130606	0	-0.7071071	0.7071071	0	0.70710725	-0.70710725	0	-0.70710725	-0.70710725	0	0	0	0	0.047999144	-0.012964389	-5.285885e-10	NaN	NaN	NaN	5.7879856e-07	1e-07
0	0	-0.2013061	0	-0.7071071	0.7071071	0	0.70710725	-0.70710725	0	-0.70710725	-0.70710725	0	0	0	0	0.051570732	-0.013199423	-1.6109364e-09	NaN	NaN	NaN	5.862191e-07	1e-07
0	0	-0.20130606	0	-0.7071071	0.7071071	0	0.70710725	-0.70710725	0	-0.70710725	-0.70710725	0	0	0	0	0.054413732	-0.013533151	-3.0205055e-10	NaN	NaN	NaN	5.936396e-07	1e-07
0	0	-0.20130607	0	-0.7071071	0.7071071	0	0.70710725	-0.70710725	0	-0.70710725	-0.70710725	0	0	0	0	0.05660215	-0.01392059	4.782467e-10	NaN	NaN	NaN	6.010601e-07	1e-07
0	0	-0.2013061	0	-0.7071071	0.7071072	0	0.70710725	-0.70710725	0	-0.70710725	-0.70710725	0	0	0	0	0.058207247	-0.014325485	-1.7619617e-10	NaN	NaN	NaN	6.0848055e-07	1e-07
0	0	-0.20130607	0	-0.7071071	0.7071071	0	0.70710725	-0.70710725	0	-0.70710725	-0.70710725	0	0	0	0	0.059296336	-0.01471932	-8.935663e-10	NaN	NaN	NaN	6.1590106e-07	1e-07
0	0	-0.20130606	0	-0.7071071	0.7071071	0	0.70710725	-0.70710725	0	-0.70710725	-0.70710725	0	0	0	0	0.05993246	-0.015080323	-6.921992e-10	NaN	NaN	NaN	6.2332157e-07	1e-07
0	0	-0.20130607	0	-0.7071072	0.7071071	0	0.70710725	-0.70710725	0	-0.70710725	-0.70710725	0	0	0	0	0.060173716	-0.015392616	-7.42541e-10	NaN	NaN	NaN	6.30742e-07	1e-07
0	0	-0.20130607	0	-0.7071071	0.7071071	0	0.70710725	-0.70710725	0	-0.70710725	-0.70710725	0	0	0	0	0.060073633	-0.015645353	-1.2711294e-09	NaN	NaN	NaN	6.3816253e-07	1e-07
0	0	-0.20130607	0	-0.7071071	0.7071072	0	0.70710725	-0.70710725	0	-0.70710725	-0.70710725	0	0	0	0	0.05968079	-0.015831953	-2.517088e-10	NaN	NaN	NaN	6.4558304e-07	1e-07
0	0	-0.2013061	0	-0.7071071	0.7071071	0	0.70710725	-0.70710725	0	-0.70710725	-0.70710725	0	0	0	0	0.059039272	-0.015949363	-1.9507431e-09	NaN	NaN	NaN	6.5300355e-07	1e-07
0	0	-0.20130607	0	-0.7071072	0.7071071	0	0.70710725	-0.70710725	0	-0.70710725	-0.70710725	0	0	0	0	0.05818842	-0.015997391	-2.7813822e-09	NaN	NaN	NaN	6.60424e-07	1e-07
0	0	-0.20130607	0	-0.7071071	0.7071072	0	0.70710725	-0.70710725	0	-0.70710725	-0.70710725	0	0	0	0	0.05716353	-0.015978094	-3.8259738e-09	NaN	NaN	NaN	6.678445e-07	1e-07
0	0	-0.20130606	0	-0.7071072	0.7071072	0	0.70710725	-0.70710725	0	-0.70710725	-0.70710725	0	0	0	0	0.055995766	-0.015895186	-3.9140717e-09	NaN	NaN	NaN	6.75265e-07	1e-07
0	0	-0.20130606	0	-0.7071071	0.7071071	0	0.70710725	-0.70710725	0	-0.70710725	-0.70710725	0	0	0	0	0.05471256	-0.01575362	-4.8705653e-09	NaN	NaN	NaN	6.8268554e-07	1e-07
0	0	-0.20130606	0	-0.7071071	0.7071072	0	0.70710725	-0.70710725	0	-0.70710725	-0.70710725	0	0	0	0	0.05333795	-0.015559092	-6.2297927e-09	NaN	NaN	NaN	6.90106e-07	1e-07
0	0	-0.2013061	0	-0.7071071	0.7071071	0	0.70710725	-0.70710725	0	-0.70710725	-0.70710725	0	0	0	0	0.051892836	-0.0153177865	-4.656613e-09	NaN	NaN	NaN	6.975265e-07	1e-07
0	0	-0.20130607	0	-0.7071071	0.7071072	0	0.70710725	-0.70710725	0	-0.70710725	-0.70710725	0	0	0	0	0.05039527	-0.01503602	-4.3230988e-09	NaN	NaN	NaN	7.04947e-07	1e-07
0	0	-0.20130606	0	-0.7071071	0.7071071	0	0.70710725	-0.70710725	0	-0.70710725	-0.70710725	0	0	0	0	0.04886088	-0.014720082	-4.7510036e-09	NaN	NaN	NaN	7.1236747e-07	1e-07
0	0	-0.2013061	0	-0.7071071	0.7071071	0	0.70710725	-0.70710725	0	-0.70710725	-0.70710725	0	0	0	0	0.0473029	-0.014376014	-3.1841163e-09	NaN	NaN	NaN	7.19788e-07	1e-07
0	0	-0.20130606	0	-0.7071071	0.7071071	0	0.70710725	-0.70710725	0	-0.70710725	-0.70710725	0	0	0	0	0.04573264	-0.014009553	-1.7619616e-09	NaN	NaN	NaN	7.272085e-07	1e-07
0	0	-0.20130606	0	-0.7071071	0.7071072	0	0.70710725	-0.70710725	0	-0.70710725	-0.70710725	0	0	0	0	0.044159584	-0.013625989	-1.9822068e-09	NaN	NaN	NaN	7.34629e-07	1e-07
0	0	-0.20130607	0	-0.7071071	0.7071072	0	0.70710725	-0.70710725	0	-0.70710725	-0.70710725	0	0	0	0	0.042591758	-0.013230167	-2.9638711e-09	NaN	NaN	NaN	7.4204945e-07	1e-07
0	0	-0.20130607	0	-0.7071071	0.7071071	0	0.70710725	-0.70710725	0	-0.70710725	-0.70710725	0	0	0	0	0.04103569	-0.0128264325	-1.6109364e-09	NaN	NaN	NaN	7.4946996e-07	1e-07
0	0	-0.2013061	0	-0.7071071	0.7071071	0	0.70710725	-0.70710725	0	-0.70710725	-0.70710725	0	0	0	0	0.039496824	-0.01241865	-2.019963e-09	NaN	NaN	NaN	7.568905e-07	1e-07
0	0	-0.20130607	0	-0.7071071	0.7071071	0	0.70710725	-0.70710725	0	-0.70710725	-0.70710725	0	0	0	0	0.037979648	-0.012010196	-1.4095694e-09	NaN	NaN	NaN	7.643109e-07	1e-07
0	0	-0.2013061	0	-0.7071071	0.7071071	0	0.70710725	-0.70710725	0	-0.70710725	-0.70710725	0	0	0	0	0.03648756	-0.011604	-2.3031355e-09	NaN	NaN	NaN	7.7173144e-07	1e-07
0	0	-0.20130607	0	-0.7071071	0.7071071	0	0.70710725	-0.70710725	0	-0.70710725	-0.70710725	0	0	0	0	0.035023294	-0.011202556	-1.6235218e-09	NaN	NaN	NaN	7.7915195e-07	1e-07
0	0	-0.20130606	0	-0.7071072	0.7071072	0	0.70710725	-0.70710725	0	-0.70710725	-0.70710725	0	0	0	0	0.03358901	-0.01080797	-2.4258435e-09	NaN	NaN	NaN	7.8657246e-07	1e-07
0	0	-0.20130607	0	-0.7071071	0.7071071	0	0.70710725	-0.70710725	0	-0.70710725	-0.70710725	0	0	0	0	0.03218614	-0.010421986	-3.3351416e-10	NaN	NaN	NaN	7.939929e-07	1e-07
0	0	-0.20130607	0	-0.7071071	0.7071071	0	0.70710725	-0.70710725	0	-0.70710725	-0.70710725	0	0	0	0	0.030815786	-0.010046036	-1.6455463e-09	NaN	NaN	NaN	8.014134e-07	1e-07
0	0	-0.20130607	0	-0.7071071	0.7071071	0	0.70710725	-0.70710725	0	-0.70710725	-0.70710725	0	0	0	0	0.029478498	-0.0096812565	-2.089183e-09	NaN	NaN	NaN	8.0883393e-07	1e-07
0	0	-0.20130606	0	-0.7071071	0.7071071	0	0.70710725	-0.70710725	0	-0.70710725	-0.70710725	0	0	0	0	0.028174581	-0.009328545	-1.9507432e-10	NaN	NaN	NaN	8.1625444e-07	1e-07
0	0	-0.2013061	0	-0.7071072	0.7071071	0	0.70710725	-0.70710725	0	-0.70710725	-0.70710725	0	0	0	0	0.026903993	-0.0089885695	8.3063906e-10	NaN	NaN	NaN	8.236749e-07	1e-07
0	0	-0.20130607	0	-0.7071071	0.7071071	0	0.70710725	-0.70710725	0	-0.70710725	-0.70710725	0	0	0	0	0.025666445	-0.008661822	-7.047847e-10	NaN	NaN	NaN	8.310954e-07	1e-07
0	0	-0.20130607	0	-0.7071071	0.7071071	0	0.70710725	-0.70710725	0	-0.70710725	-0.70710725	0	0	0	0	0.024461502	-0.008348628	-1.8248888e-09	NaN	NaN	NaN	8.385159e-07	1e-07
0	0	-0.20130607	0	-0.7071072	0.7071072	0	0.70710725	-0.70710725	0	-0.70710725	-0.70710725	0	0	0	0	0.023288472	-0.008049179	7.07931e-10	NaN	NaN	NaN	8.4593637e-07	1e-07
0	0	-0.2013061	0	-0.7071071	0.7071072	0	0.70710725	-0.70710725	0	-0.70710725	-0.70710725	0	0	0	0	0.022146553	-0.007763545	1.5543019e-09	NaN	NaN	NaN	8.533569e-07	1e-07
0	0	-0.2013061	0	-0.7071071	0.7071071	0	0.70710725	-0.70710725	0	-0.70710725	-0.70710725	0	0	0	0	0.021034883	-0.0074917176	-1.57318e-10	NaN	NaN	NaN	8.607774e-07	1e-07
0	0	-0.20130607	0	-0.7071071	0.7071072	0	0.70710725	-0.70710725	0	-0.70710725	-0.70710725	0	0	0	0	0.019952452	-0.0072335987	-3.2092873e-10	NaN	NaN	NaN	8.681979e-07	1e-07
0	0	-0.20130607	0	-0.7071071	0.7071071	0	0.70710725	-0.7071073	0	-0.70710725	-0.70710725	0	0	0	0	0.01889812	-0.006989041	-7.331019e-10	NaN	NaN	NaN	8.7561835e-07	1e-07
0	0	-0.20130607	0	-0.7071071	0.7071071	0	0.70710725	-0.70710725	0	-0.70710725	-0.70710725	0	0	0	0	0.017870849	-0.0067578345	-9.108712e-10	NaN	NaN	NaN	8.8303887e-07	1e-07
0	0	-0.20130606	0	-0.7071071	0.7071071	0	0.70710725	-0.70710725	0	-0.70710725	-0.70710725	0	0	0	0	0.016869407	-0.006539749	-1.7588153e-09	NaN	NaN	NaN	8.904594e-07	1e-07
0	0	-0.20130607	0	-0.7071071	0.7071072	0	0.70710725	-0.70710725	0	-0.70710725	-0.70710725	0	0	0	0	0.015892567	-0.0063345097	-1.5983509e-09	NaN	NaN	NaN	8.978799e-07	1e-07
0	0	-0.20130606	0	-0.7071071	0.7071072	0	0.70710725	-0.70710725	0	-0.70710725	-0.70710725	0	0	0	0	0.014939194	-0.0061418475	-1.2475317e-09	NaN	NaN	NaN	9.0530034e-07	1e-07
0	0	-0.2013061	0	-0.7071071	0.7071072	0	0.70710725	-0.70710725	0	-0.70710725	-0.70710725	0	0	0	0	0.014007935	-0.0059614573	1.966475e-10	NaN	NaN	NaN	9.1272085e-07	1e-07
0	0	-0.20130606	0	-0.7071071	0.7071071	0	0.70710725	-0.70710725	0	-0.70710725	-0.70710725	0	0	0	0	0.013097621	-0.0057930457	1.1641532e-10	NaN	NaN	NaN	9.2014136e-07	1e-07
0	0	-0.20130607	0	-0.7071071	0.7071071	0	0.70710725	-0.70710725	0	-0.70710725	-0.70710725	0	0	0	0	0.012206939	-0.005636308	7.331019e-10	NaN	NaN	NaN	9.275618e-07	1e-07
0	0	-0.20130607	0	-0.7071071	0.7071072	0	0.70710725	-0.70710725	0	-0.70710725	-0.70710725	0	0	0	0	0.011334673	-0.0054909587	1.16258e-09	NaN	NaN	NaN	9.349823e-07	1e-07
0	0	-0.20130607	0	-0.7071071	0.7071071	0	0.70710725	-0.70710725	0	-0.7071072	-0.70710725	0	0	0	0	0.01047956	-0.0053567025	3.618314e-11	NaN	NaN	NaN	9.4240283e-07	1e-07
0	0	-0.20130607	0	-0.7071071	0.7071072	0	0.70710725	-0.70710725	0	-0.70710725	-0.70710725	0	0	0	0	0.0096403295	-0.00523327	-6.937724e-10	NaN	NaN	NaN	9.4982335e-07	1e-07
0	0	-0.20130607	0	-0.7071071	0.7071071	0	0.70710725	-0.70710725	0	-0.70710725	-0.70710725	0	0	0	0	0.008815768	-0.005120394	-8.3693175e-10	NaN	NaN	NaN	9.572439e-07	1e-07
0	0	-0.20130607	0	-0.7071072	0.7071071	0	0.70710725	-0.70710725	0	-0.70710725	-0.70710725	0	0	0	0	0.008004653	-0.0050178305	-2.674406e-11	NaN	NaN	NaN	9.646643e-07	1e-07
0	0	-0.20130607	0	-0.7071071	0.7071072	0	0.70710725	-0.70710725	0	-0.70710725	-0.70710725	0	0	0	0	0.00720578	-0.0049253446	-1.5574482e-10	NaN	NaN	NaN	9.720848e-07	1e-07
0	0	-0.2013061	0	-0.7071072	0.7071071	0	0.70710725	-0.70710725	0	-0.70710725	-0.70710725	0	0	0	0	0.0064179213	-0.00484273	-1.3214713e-10	NaN	NaN	NaN	9.795053e-07	1e-07
0	0	-0.2013061	0	-0.7071071	0.7071071	0	0.70710725	-0.70710725	0	-0.70710725	-0.70710725	0	0	0	0	0.0056399032	-0.0047697886	1.0194207e-09	NaN	NaN	NaN	9.869258e-07	1e-07
0	0	-0.20130607	0	-0.7071072	0.7071071	0	0.70710725	-0.70710725	0	-0.70710725	-0.70710725	0	0	0	0	0.0048704995	-0.004706352	8.904199e-10	NaN	NaN	NaN	9.943462e-07	1e-07
0	0	-0.20130607	0	-0.7071071	0.7071072	0	0.70710725	-0.70710725	0	-0.70710725	-0.70710725	0	0	0	0	0.0041086436	-0.0046522627	-7.566996e-10	NaN	NaN	NaN	1.0017668e-06	1e-07
0	0	-0.20130607	0	-0.7071071	0.7071071	0	0.70710725	-0.70710725	0	-0.70710725	-0.70710725	0	0	0	0	0.0033530123	-0.0046073943	-1.0414452e-09	NaN	NaN	NaN	1.0091873e-06	1e-07
0	0	-0.20130607	0	-0.7071071	0.7071071	0	0.70710725	-0.70710725	0	-0.70710725	-0.70710725	0	0	0	0	0.002602546	-0.004571627	-1.0807747e-09	NaN	NaN	NaN	1.0166078e-06	1e-07
0	0	-0.20130607	0	-0.7071072	0.7071071	0	0.70710725	-0.70710725	0	-0.70710725	-0.70710725	0	0	0	0	0.0018561353	-0.004544882	-8.0074863e-10	NaN	NaN	NaN	1.0240283e-06	1e-07
0	0	-0.20130607	0	-0.7071071	0.7071072	0	0.70710725	-0.70710725	0	-0.70710725	-0.70710725	0	0	0	0	0.0011125146	-0.004527087	1.0650428e-09	NaN	NaN	NaN	1.0314487e-06	1e-07
0	0	-0.2013061	0	-0.7071071	0.7071071	0	0.70710725	-0.70710725	0	-0.70710725	-0.70710725	0	0	0	0	0.00037067785	-0.0045182034	2.4085387e-09	NaN	NaN	NaN	1.0388693e-06	1e-07
0	0	-0.20130606	0	-0.7071072	0.7071072	0	0.70710725	-0.70710725	0	-0.70710725	-0.70710725	0	0	0	0	NaN	NaN	NaN	NaN	NaN	NaN	1.0462898e-06	1e-07
0	0	-0.2013061	0	-0.7071071	0.7071072	0	0.70710725	-0.70710725	0	-0.70710725	-0.70710725	0	0	0	0	-0.0003706561	-0.004518202	2.946566e-09	NaN	NaN	NaN	1.0537102e-06	1e-07
0	0	-0.20130607	0	-0.7071071	0.7071071	0	0.70710725	-0.70710725	0	-0.70710725	-0.70710725	0	0	0	0	-0.0011125382	-0.0045270897	2.5202345e-09	NaN	NaN	NaN	1.0611308e-06	1e-07
0	0	-0.20130607	0	-0.7071071	0.7071071	0	0.70710725	-0.7071073	0	-0.70710725	-0.70710725	0	0	0	0	-0.0018561278	-0.004544881	9.973962e-10	NaN	NaN	NaN	1.0685512e-06	1e-07
0	0	-0.20130607	0	-0.7071071	0.7071071	0	0.70710725	-0.70710725	0	-0.70710725	-0.70710725	0	0	0	0	-0.0026025688	-0.00457163	1.6235218e-09	NaN	NaN	NaN	1.0759717e-06	1e-07
0	0	-0.20130607	0	-0.7071071	0.7071071	0	0.70710725	-0.70710725	0	-0.70710725	-0.70710725	0	0	0	0	-0.003353039	-0.0046073897	8.1490725e-10	NaN	NaN	NaN	1.0833922e-06	1e-07
0	0	-0.20130607	0	-0.7071072	0.7071071	0	0.70710725	-0.70710725	0	-0.70710725	-0.70710725	0	0	0	0	-0.004108605	-0.004652265	1.5590214e-09	NaN	NaN	NaN	1.0908127e-06	1e-07
0	0	-0.20130607	0	-0.7071071	0.7071072	0	0.70710725	-0.70710725	0	-0.70710725	-0.70710725	0	0	0	0	-0.0048705204	-0.0047063488	1.5055333e-09	NaN	NaN	NaN	1.0982333e-06	1e-07
0	0	-0.20130607	0	-0.7071071	0.7071071	0	0.70710725	-0.70710725	0	-0.70710725	-0.70710725	0	0	0	0	-0.005639885	-0.004769792	2.569003e-09	NaN	NaN	NaN	1.1056537e-06	1e-07
0	0	-0.20130607	0	-0.7071072	0.7071071	0	0.70710725	-0.70710725	0	-0.70710725	-0.70710725	0	0	0	0	-0.0064179357	-0.004842727	1.4017034e-09	NaN	NaN	NaN	1.1130742e-06	1e-07
0	0	-0.20130606	0	-0.7071071	0.7071071	0	0.70710725	-0.70710725	0	-0.70710725	-0.70710725	0	0	0	0	-0.007205793	-0.0049253465	2.3833677e-09	NaN	NaN	NaN	1.1204947e-06	1e-07
0	0	-0.20130607	0	-0.7071071	0.7071072	0	0.70710725	-0.70710725	0	-0.70710725	-0.70710725	0	0	0	0	-0.00800466	-0.0050178263	-6.921992e-11	NaN	NaN	NaN	1.1279152e-06	1e-07
0	0	-0.20130607	0	-0.7071072	0.7071072	0	0.70710725	-0.70710725	0	-0.70710725	-0.70710725	0	0	0	0	-0.008815792	-0.005120394	1.3812521e-09	NaN	NaN	NaN	1.1353357e-06	1e-07
0	0	-0.20130607	0	-0.7071071	0.7071071	0	0.70710725	-0.70710725	0	-0.70710725	-0.70710725	0	0	0	0	-0.009640325	-0.005233266	-9.407617e-10	NaN	NaN	NaN	1.1427562e-06	1e-07
0	0	-0.20130607	0	-0.7071072	0.7071071	0	0.70710725	-0.70710725	0	-0.70710725	-0.70710725	0	0	0	0	-0.010479525	-0.0053567034	1.6722904e-09	NaN	NaN	NaN	1.1501767e-06	1e-07
0	0	-0.20130607	0	-0.7071071	0.7071071	0	0.70710725	-0.70710725	0	-0.70710725	-0.70710725	0	0	0	0	-0.011334676	-0.0054909587	8.3221224e-10	NaN	NaN	NaN	1.1575971e-06	1e-07
0	0	-0.2013061	0	-0.7071072	0.7071071	0	0.70710725	-0.70710725	0	-0.70710725	-0.70710725	0	0	0	0	-0.0122069325	-0.0056363135	4.0509387e-09	NaN	NaN	NaN	1.1650177e-06	1e-07
0	0	-0.20130607	0	-0.7071071	0.7071071	0	0.70710725	-0.70710725	0	-0.70710725	-0.70710725	0	0	0	0	-0.013097617	-0.005793047	2.6350766e-09	NaN	NaN	NaN	1.1724381e-06	1e-07
0	0	-0.20130606	0	-0.7071071	0.7071072	0	0.70710725	-0.70710725	0	-0.70710725	-0.70710725	0	0	0	0	-0.01400795	-0.0059614615	4.8202238e-09	NaN	NaN	NaN	1.1798587e-06	1e-07
0	0	-0.2013061	0	-0.7071071	0.7071071	0	0.70710725	-0.70710725	0	-0.70710725	-0.70710725	0	0	0	0	-0.014939182	-0.006141851	2.7153086e-09	NaN	NaN	NaN	1.1872792e-06	1e-07
0	0	-0.20130607	0	-0.7071072	0.7071071	0	0.70710725	-0.70710725	0	-0.70710725	-0.70710725	0	0	0	0	-0.015892591	-0.0063345176	5.558045e-09	NaN	NaN	NaN	1.1946996e-06	1e-07
0	0	-0.20130606	0	-0.7071071	0.7071071	0	0.70710725	-0.7071073	0	-0.70710725	-0.70710725	0	0	0	0	-0.016869396	-0.0065397536	3.0047738e-09	NaN	NaN	NaN	1.2021202e-06	1e-07
0	0	-0.20130606	0	-0.7071071	0.7071071	0	0.70710725	-0.70710725	0	-0.70710725	-0.70710725	0	0	0	0	-0.017870838	-0.0067578442	6.08978e-09	NaN	NaN	NaN	1.2095406e-06	1e-07
0	0	-0.2013061	0	-0.7071072	0.7071071	0	0.70710725	-0.70710725	0	-0.70710725	-0.70710725	0	0	0	0	-0.018898124	-0.006989049	2.1898665e-09	NaN	NaN	NaN	1.2169611e-06	1e-07
0	0	-0.20130607	0	-0.7071071	0.7071071	0	0.70710725	-0.70710725	0	-0.70710725	-0.70710725	0	0	0	0	-0.019952456	-0.007233612	4.798199e-09	NaN	NaN	NaN	1.2243817e-06	1e-07
0	0	-0.20130607	0	-0.7071071	0.7071071	0	0.70710725	-0.70710725	0	-0.70710725	-0.70710725	0	0	0	0	-0.021034902	-0.0074917297	2.561137e-09	NaN	NaN	NaN	1.2318021e-06	1e-07
0	0	-0.2013061	0	-0.7071071	0.7071072	0	0.70710725	-0.70710725	0	-0.70710725	-0.70710725	0	0	0	0	-0.022146583	-0.0077635567	3.678095e-09	NaN	NaN	NaN	1.2392226e-06	1e-07
0	0	-0.20130607	0	-0.7071071	0.7071071	0	0.70710725	-0.7071073	0	-0.70710725	-0.70710725	0	0	0	0	-0.023288472	-0.008049187	-4.3105133e-10	NaN	NaN	NaN	1.2466431e-06	1e-07
0	0	-0.2013061	0	-0.7071071	0.7071071	0	0.70710725	-0.70710725	0	-0.70710725	-0.70710725	0	0	0	0	-0.024461517	-0.008348639	2.1426712e-09	NaN	NaN	NaN	1.2540636e-06	1e-07
0	0	-0.20130606	0	-0.7071072	0.7071072	0	0.70710725	-0.70710725	0	-0.70710725	-0.70710725	0	0	0	0	-0.025666451	-0.008661835	-1.00683524e-10	NaN	NaN	NaN	1.261484e-06	1e-07
0	0	-0.20130607	0	-0.7071071	0.7071072	0	0.70710725	-0.70710725	0	-0.70710725	-0.70710725	0	0	0	0	-0.026903981	-0.008988581	2.944993e-09	NaN	NaN	NaN	1.2689046e-06	1e-07
0	0	-0.20130607	0	-0.7071072	0.7071072	0	0.70710725	-0.70710725	0	-0.70710725	-0.70710725	0	0	0	0	-0.028174555	-0.009328554	-2.8631877e-10	NaN	NaN	NaN	1.2763251e-06	1e-07
0	0	-0.20130607	0	-0.7071072	0.7071071	0	0.70710725	-0.70710725	0	-0.70710725	-0.70710725	0	0	0	0	-0.029478498	-0.009681265	1.4976674e-09	NaN	NaN	NaN	1.2837456e-06	1e-07
0	0	-0.20130607	0	-0.7071071	0.7071072	0	0.70710725	-0.70710725	0	-0.70710725	-0.70710725	0	0	0	0	-0.030815778	-0.010046044	-1.9413042e-09	NaN	NaN	NaN	1.2911661e-06	1e-07
0	0	-0.2013061	0	-0.7071071	0.7071072	0	0.70710725	-0.70710725	0	-0.70710725	-0.70710725	0	0	0	0	-0.032186177	-0.010421994	5.0027127e-10	NaN	NaN	NaN	1.2985865e-06	1e-07
0	0	-0.20130607	0	-0.7071072	0.7071071	0	0.70710725	-0.70710725	0	-0.70710725	-0.70710725	0	0	0	0	-0.033589013	-0.010807978	-9.753716e-10	NaN	NaN	NaN	1.3060071e-06	1e-07
0	0	-0.20130607	0	-0.7071072	0.7071071	0	0.70710725	-0.7071073	0	-0.70710725	-0.70710725	0	0	0	0	-0.035023294	-0.011202564	3.4012153e-09	NaN	NaN	NaN	1.3134276e-06	1e-07
0	0	-0.2013061	0	-0.7071071	0.7071072	0	0.70710725	-0.70710725	0	-0.70710725	-0.70710725	0	0	0	0	-0.03648751	-0.01160401	4.448953e-09	NaN	NaN	NaN	1.320848e-06	1e-07
0	0	-0.20130606	0	-0.7071071	0.7071071	0	0.70710725	-0.70710725	0	-0.70710725	-0.70710725	0	0	0	0	-0.03797963	-0.012010207	7.349897e-09	NaN	NaN	NaN	1.3282686e-06	1e-07
0	0	-0.2013061	0	-0.7071071	0.7071071	0	0.70710725	-0.70710725	0	-0.70710725	-0.70710725	0	0	0	0	-0.039496843	-0.0124186585	4.0839754e-09	NaN	NaN	NaN	1.335689e-06	1e-07
0	0	-0.20130606	0	-0.7071071	0.7071072	0	0.70710725	-0.70710725	0	-0.70710725	-0.70710725	0	0	0	0	-0.041035682	-0.01282644	5.550179e-09	NaN	NaN	NaN	1.3431095e-06	1e-07
0	0	-0.20130607	0	-0.7071072	0.7071072	0	0.70710725	-0.70710725	0	-0.70710725	-0.70710725	0	0	0	0	-0.042591736	-0.013230176	5.3173483e-09	NaN	NaN	NaN	1.35053e-06	1e-07
0	0	-0.20130607	0	-0.7071072	0.7071072	0	0.70710725	-0.70710725	0	-0.70710725	-0.70710725	0	0	0	0	-0.044159632	-0.013625995	6.9597483e-09	NaN	NaN	NaN	1.3579505e-06	1e-07
0	0	-0.20130606	0	-0.7071071	0.7071071	0	0.70710725	-0.70710725	0	-0.70710725	-0.70710725	0	0	0	0	-0.04573265	-0.0140095595	4.115439e-09	NaN	NaN	NaN	1.3653711e-06	1e-07
0	0	-0.2013061	0	-0.7071071	0.7071072	0	0.70710725	-0.70710725	0	-0.70710725	-0.70710725	0	0	0	0	-0.047302924	-0.01437602	5.1600306e-09	NaN	NaN	NaN	1.3727915e-06	1e-07
0	0	-0.20130607	0	-0.7071071	0.7071072	0	0.70710725	-0.70710725	0	-0.70710725	-0.70710725	0	0	0	0	-0.048860878	-0.014720087	4.3671475e-09	NaN	NaN	NaN	1.380212e-06	1e-07
0	0	-0.20130607	0	-0.7071071	0.7071072	0	0.70710725	-0.70710725	0	-0.70710725	-0.70710725	0	0	0	0	-0.05039531	-0.015036024	4.5307584e-09	NaN	NaN	NaN	1.3876326e-06	1e-07
0	0	-0.2013061	0	-0.7071072	0.7071072	0	0.70710725	-0.70710725	0	-0.70710725	-0.70710725	0	0	0	0	-0.051892806	-0.015317791	3.7441685e-09	NaN	NaN	NaN	1.395053e-06	1e-07
0	0	-0.20130606	0	-0.7071071	0.7071072	0	0.70710725	-0.70710725	0	-0.70710725	-0.70710725	0	0	0	0	-0.053337928	-0.015559093	3.7504613e-09	NaN	NaN	NaN	1.4024735e-06	1e-07
0	0	-0.2013061	0	-0.7071071	0.7071071	0	0.70710725	-0.70710725	0	-0.70710725	-0.70710725	0	0	0	0	-0.054712545	-0.015753621	1.3969839e-09	NaN	NaN	NaN	1.409894e-06	1e-07
0	0	-0.20130607	0	-0.7071072	0.7071071	0	0.70710725	-0.70710725	0	-0.70710725	-0.70710725	0	0	0	0	-0.055995762	-0.015895192	7.42541e-10	NaN	NaN	NaN	1.4173145e-06	1e-07
0	0	-0.20130607	0	-0.7071071	0.7071071	0	0.70710725	-0.70710725	0	-0.70710725	-0.70710725	0	0	0	0	-0.05716354	-0.0159781	1.4599111e-09	NaN	NaN	NaN	1.4247349e-06	1e-07
0	0	-0.20130607	0	-0.7071071	0.7071071	0	0.70710725	-0.70710725	0	-0.70710725	-0.70710725	0	0	0	0	-0.058188457	-0.015997393	4.3545625e-09	NaN	NaN	NaN	1.4321555e-06	1e-07
0	0	-0.20130607	0	-0.7071072	0.7071071	0	0.70710725	-0.70710725	0	-0.70710725	-0.70710725	0	0	0	0	-0.05903922	-0.015949367	4.593686e-09	NaN	NaN	NaN	1.439576e-06	1e-07
0	0	-0.20130607	0	-0.7071072	0.7071071	0	0.70710725	-0.70710725	0	-0.70710725	-0.70710725	0	0	0	0	-0.05968081	-0.015831951	2.6555278e-09	NaN	NaN	NaN	1.4469965e-06	1e-07
0	0	-0.2013061	0	-0.7071072	0.7071072	0	0.70710725	-0.70710725	0	-0.70710725	-0.70710725	0	0	0	0	-0.060073607	-0.015645359	2.2150375e-09	NaN	NaN	NaN	1.454417e-06	1e-07
0	0	-0.20130607	0	-0.7071072	0.7071071	0	0.70710725	-0.70710725	0	-0.70710725	-0.70710725	0	0	0	0	-0.06017373	-0.015392616	5.512423e-09	NaN	NaN	NaN	1.4618374e-06	1e-07
0	0	-0.2013061	0	-0.7071071	0.7071071	0	0.70710725	-0.70710725	0	-0.70710725	-0.70710725	0	0	0	0	-0.059932433	-0.015080328	2.3534774e-09	NaN	NaN	NaN	1.469258e-06	1e-07
0	0	-0.20130607	0	-0.7071071	0.7071072	0	0.70710725	-0.70710725	0	-0.70710725	-0.70710725	0	0	0	0	-0.059296377	-0.014719316	6.921992e-10	NaN	NaN	NaN	1.4766784e-06	1e-07
0	0	-0.20130606	0	-0.7071071	0.7071071	0	0.70710725	-0.70710725	0	-0.70710725	-0.70710725	0	0	0	0	-0.058207255	-0.01432549	2.7687969e-10	NaN	NaN	NaN	1.4840989e-06	1e-07
0	0	-0.2013061	0	-0.7071072	0.7071071	0	0.70710725	-0.70710725	0	-0.70710725	-0.70710725	0	0	0	0	-0.05660217	-0.0139205875	2.2905502e-09	NaN	NaN	NaN	1.4915195e-06	1e-07
0	0	-0.2013061	0	-0.7071071	0.7071071	0	0.70710725	-0.70710725	0	-0.70710725	-0.70710725	0	0	0	0	-0.054413706	-0.013533155	-3.0205055e-10	NaN	NaN	NaN	1.4989399e-06	1e-07
0	0	-0.20130607	0	-0.7071071	0.7071071	0	0.70710725	-0.70710725	0	-0.70710725	-0.70710725	0	0	0	0	-0.05157076	-0.013199418	8.558099e-10	NaN	NaN	NaN	1.5063604e-06	1e-07
0	0	-0.2013061	0	-0.7071071	0.7071071	0	0.70710725	-0.70710725	0	-0.70710725	-0.70710725	0	0	0	0	-0.047999147	-0.012964395	-8.558099e-10	NaN	NaN	NaN	1.513781e-06	1e-07
0	0	-0.2013061	0	-0.7071071	0.7071071	0	0.70710725	-0.70710725	0	-0.70710725	-0.70710725	0	0	0	0	-0.04362358	-0.012882904	-1.057177e-09	NaN	NaN	NaN	1.5212014e-06	1e-07
0	0	-0.2013061	0	-0.7071071	0.7071071	0	0.70710725	-0.70710725	0	-0.70710725	-0.70710725	0	0	0	0	-0.038369793	-0.013020762	-7.0478463e-09	NaN	NaN	NaN	1.5286219e-06	1e-07
0	0	-0.20130606	0	-0.7071071	0.7071071	0	0.7071073	-0.70710725	0	-0.70710725	-0.70710725	0	0	0	0	-0.0321693	-0.013455585	-7.475752e-09	NaN	NaN	NaN	1.5360424e-06	1e-07
0	0	-0.2013061	0	-0.7071071	0.7071072	0	0.70710725	-0.70710725	0	-0.70710725	-0.70710725	0	0	0	0	-0.024964912	-0.014277034	-8.910492e-09	NaN	NaN	NaN	1.5434629e-06	1e-07
0	0	-0.20130607	0	-0.7071071	0.7071071	0	0.70710725	-0.70710725	0	-0.70710725	-0.70710725	0	0	0	0	-0.016720753	-0.015585276	-7.777802e-09	NaN	NaN	NaN	1.5508834e-06	1e-07
0	0	-0.2013061	0	-0.7071072	0.7071071	0	0.70710725	-0.70710725	0	-0.70710725	-0.70710725	0	0	0	0	-0.007434633	-0.017485976	-7.979169e-09	NaN	NaN	NaN	1.5583039e-06	1e-07
0	0	-0.20130607	0	-0.7071071	0.7071071	0	0.70710725	-0.70710725	0	-0.70710725	-0.70710725	0	0	0	0	0.0028444948	-0.020078668	-6.6199415e-09	NaN	NaN	NaN	1.5657243e-06	1e-07
0	0	-0.20130607	0	-0.7071071	0.7071071	0	0.70710725	-0.7071073	0	-0.70710725	-0.70710725	0	0	0	0	0.014000365	-0.023435121	-7.2743847e-09	NaN	NaN	NaN	1.5731449e-06	1e-07
0	0	-0.20130606	0	-0.7071072	0.7071071	0	0.70710725	-0.70710725	0	-0.70710725	-0.70710725	0	0	0	0	0.02583751	-0.027565567	-6.0158403e-09	NaN	NaN	NaN	1.5805654e-06	1e-07
0	0	-0.20130606	0	-0.7071071	0.7071071	0	0.70710725	-0.70710725	0	-0.70710725	-0.70710725	0	0	0	0	0.03808745	-0.03237895	-4.1280246e-09	NaN	NaN	NaN	1.5879858e-06	1e-07
0	0	-0.20130607	0	-0.7071071	0.7071072	0	0.70710725	-0.70710725	0	-0.70710725	-0.70710725	0	0	0	0	0.050437197	-0.037653524	-1.686449e-09	NaN	NaN	NaN	1.5954064e-06	1e-07
0	0	-0.2013061	0	-0.7071071	0.7071072	0	0.70710725	-0.70710725	0	-0.70710725	-0.70710725	0	0	0	0	0.06257179	-0.043041065	2.4667464e-09	NaN	NaN	NaN	1.6028268e-06	1e-07
0	0	-0.20130607	0	-0.7071071	0.7071072	0	0.70710725	-0.70710725	0	-0.70710725	-0.70710725	0	0	0	0	0.07420833	-0.048113972	2.4164044e-09	NaN	NaN	NaN	1.6102473e-06	1e-07
0	0	-0.2013061	0	-0.7071071	0.7071071	0	0.70710725	-0.70710725	0	-0.70710725	-0.70710725	0	0	0	0	0.0851029	-0.052443016	2.9953349e-09	NaN	NaN	NaN	1.6176679e-06	1e-07
0	0	-0.20130607	0	-0.7071071	0.7071071	0	0.70710725	-0.70710725	0	-0.70710725	-0.70710725	0	0	0	0	0.09503833	-0.055679116	-8.3063906e-10	NaN	NaN	NaN	1.6250883e-06	1e-07
0	0	-0.2013061	0	-0.7071071	0.7071071	0	0.70710725	-0.70710725	0	-0.70710725	-0.70710725	0	0	0	0	0.10381488	-0.057617348	-1.9381579e-09	NaN	NaN	NaN	1.6325089e-06	1e-07
0	0	-0.20130607	0	-0.7071072	0.7071071	0	0.70710725	-0.70710725	0	-0.7071072	-0.70710725	0	0	0	0	0.111263804	-0.05822643	-4.5559294e-09	NaN	NaN	NaN	1.6399293e-06	1e-07
0	0	-0.20130607	0	-0.7071071	0.7071071	0	0.70710725	-0.70710725	0	-0.70710725	-0.70710725	0	0	0	0	0.11727989	-0.057635173	-5.285885e-09	NaN	NaN	NaN	1.6473498e-06	1e-07
0	0	-0.20130607	0	-0.7071071	0.7071071	0	0.70710725	-0.70710725	0	-0.70710725	-0.70710725	0	0	0	0	0.12184851	-0.056080353	-4.656613e-09	NaN	NaN	NaN	1.6547704e-06	1e-07
0	0	-0.20130607	0	-0.7071072	0.7071071	0	0.70710725	-0.70710725	0	-0.70710725	-0.7071072	0	0	0	0	0.12504907	-0.05383932	-2.4919171e-09	NaN	NaN	NaN	1.6621908e-06	1e-07
0	0	-0.20130607	0	-0.7071071	0.7071071	0	0.70710725	-0.70710725	0	-0.70710725	-0.70710725	0	0	0	0	0.12703256	-0.051174007	-4.404904e-09	NaN	NaN	NaN	1.6696113e-06	1e-07
0	0	-0.20130607	0	-0.7071072	0.7071071	0	0.70710725	-0.70710725	0	-0.70710725	-0.70710725	0	0	0	0	0.12798801	-0.04830007	-1.7242053e-09	NaN	NaN	NaN	1.6770318e-06	1e-07
0	0	-0.20130607	0	-0.7071071	0.70710707	0	0.70710725	-0.70710725	0	-0.70710725	-0.70710725	0	0	0	0	0.12811285	-0.045378357	-4.631442e-09	NaN	NaN	NaN	1.6844523e-06	1e-07
0	0	-0.20130606	0	-0.7071071	0.7071071	0	0.70710725	-0.70710725	0	-0.70710725	-0.70710725	0	0	0	0	0.12759294	-0.042519867	-4.8202238e-09	NaN	NaN	NaN	1.6918727e-06	1e-07
0	0	-0.2013061	0	-0.7071072	0.7071071	0	0.70710725	-0.70710725	0	-0.70710725	-0.70710725	0	0	0	0	0.12659225	-0.039795768	-6.6451125e-09	NaN	NaN	NaN	1.6992933e-06	1e-07
0	0	-0.20130607	0	-0.7071071	0.7071071	0	0.70710725	-0.70710725	0	-0.70710725	-0.70710725	0	0	0	0	0.12524895	-0.037247714	-4.316806e-09	NaN	NaN	NaN	1.7067138e-06	1e-07
0	0	-0.2013061	0	-0.7071071	0.7071071	0	0.70710725	-0.70710725	0	-0.70710725	-0.70710725	0	0	0	0	0.12367656	-0.034896765	-6.8716504e-09	NaN	NaN	NaN	1.7141343e-06	1e-07
0	0	-0.20130607	0	-0.7071071	0.7071071	0	0.70710725	-0.7071073	0	-0.70710725	-0.70710725	0	0	0	0	0.12196596	-0.03275011	-2.535966e-09	NaN	NaN	NaN	1.7215548e-06	1e-07
0	0	-0.20130606	0	-0.7071071	0.7071072	0	0.70710725	-0.70710725	0	-0.70710725	-0.70710725	0	0	0	0	0.12018878	-0.030806033	-1.9192796e-09	NaN	NaN	NaN	1.7289752e-06	1e-07
0	0	-0.2013061	0	-0.7071071	0.7071071	0	0.70710725	-0.70710725	0	-0.70710725	-0.70710725	0	0	0	0	0.11840079	-0.029057294	1.2207877e-09	NaN	NaN	NaN	1.7363958e-06	1e-07
0	0	-0.20130607	0	-0.7071072	0.7071072	0	0.70710725	-0.70710725	0	-0.70710725	-0.70710725	0	0	0	0	0.11664468	-0.027493516	-4.782467e-10	NaN	NaN	NaN	1.7438163e-06	1e-07
0	0	-0.20130606	0	-0.7071071	0.7071071	0	0.70710725	-0.70710725	0	-0.70710725	-0.70710725	0	0	0	0	0.11495278	-0.026102668	-3.2722144e-10	NaN	NaN	NaN	1.7512367e-06	1e-07
0	0	-0.20130607	0	-0.7071071	0.7071071	0	0.70710725	-0.70710725	0	-0.70710725	-0.70710725	0	0	0	0	0.11334917	-0.024872106	-3.1400673e-09	NaN	NaN	NaN	1.7586573e-06	1e-07
0	0	-0.20130606	0	-0.7071071	0.7071072	0	0.70710725	-0.70710725	0	-0.70710725	-0.70710725	0	0	0	0	0.11185127	-0.02378914	-9.753716e-10	NaN	NaN	NaN	1.7660777e-06	1e-07
0	0	-0.2013061	0	-0.7071072	0.7071072	0	0.70710725	-0.70710725	0	-0.70710725	-0.70710725	0	0	0	0	0.11047153	-0.02284143	-1.0414452e-09	NaN	NaN	NaN	1.7734982e-06	1e-07
0	0	-0.20130606	0	-0.7071071	0.7071071	0	0.70710725	-0.70710725	0	-0.70710725	-0.70710725	0	0	0	0	0.10921816	-0.022017105	7.551264e-10	NaN	NaN	NaN	1.7809188e-06	1e-07
0	0	-0.20130607	0	-0.7071071	0.7071071	0	0.70710725	-0.70710725	0	-0.70710725	-0.70710725	0	0	0	0	0.10809639	-0.021304905	-2.1521103e-09	NaN	NaN	NaN	1.7883392e-06	1e-07
0	0	-0.2013061	0	-0.7071072	0.7071072	0	0.70710725	-0.70710725	0	-0.70710725	-0.70710725	0	0	0	0	0.10710857	-0.02069413	-2.471466e-09	NaN	NaN	NaN	1.7957598e-06	1e-07
0	0	-0.20130606	0	-0.7071071	0.7071072	0	0.70710725	-0.70710725	0	-0.70710725	-0.70710725	0	0	0	0	0.10625529	-0.020174632	-4.61571e-09	NaN	NaN	NaN	1.8031802e-06	1e-07
0	0	-0.20130607	0	-0.7071071	0.7071071	0	0.70710725	-0.70710725	0	-0.70710725	-0.70710725	0	0	0	0	0.105535194	-0.019736728	-4.031667e-09	NaN	NaN	NaN	1.8106007e-06	1e-07
0	0	-0.20130606	0	-0.7071072	0.7071071	0	0.70710725	-0.70710725	0	-0.70710725	-0.70710725	0	0	0	0	0.104945645	-0.019371135	-5.02867e-09	NaN	NaN	NaN	1.8180212e-06	1e-07
0	0	-0.2013061	0	-0.7071071	0.7071071	0	0.70710725	-0.70710725	0	-0.70710725	-0.70710725	0	0	0	0	0.104482576	-0.019068854	-3.8936205e-09	NaN	NaN	NaN	1.8254417e-06	1e-07
0	0	-0.20130607	0	-0.7071072	0.7071071	0	0.70710725	-0.70710725	0	-0.70710725	-0.70710725	0	0	0	0	0.104140855	-0.018821115	-4.3765866e-09	NaN	NaN	NaN	1.8328622e-06	1e-07
0	0	-0.20130607	0	-0.7071071	0.7071072	0	0.70710725	-0.70710725	0	-0.70710725	-0.70710725	0	0	0	0	0.1039141	-0.018619247	-2.8631877e-09	NaN	NaN	NaN	1.8402827e-06	1e-07
0	0	-0.20130607	0	-0.7071071	0.7071071	0	0.7071073	-0.70710725	0	-0.70710725	-0.70710725	0	0	0	0	0.10379498	-0.01845466	-3.07714e-09	NaN	NaN	NaN	1.8477032e-06	1e-07
0	0	-0.20130607	0	-0.7071071	0.7071071	0	0.70710725	-0.70710725	0	-0.70710725	-0.70710725	0	0	0	0	0.10377471	-0.018318694	-1.6455463e-09	NaN	NaN	NaN	1.8551236e-06	1e-07
0	0	-0.20130607	0	-0.7071072	0.7071072	0	0.70710725	-0.70710725	0	-0.70710725	-0.70710725	0	0	0	0	0.10384369	-0.018202629	-3.8731693e-09	NaN	NaN	NaN	1.8625442e-06	1e-07
0	0	-0.2013061	0	-0.7071071	0.7071072	0	0.70710725	-0.70710725	0	-0.70710725	-0.70710725	0	0	0	0	0.10399048	-0.01809759	-3.4295324e-09	NaN	NaN	NaN	1.8699646e-06	1e-07
0	0	-0.20130606	0	-0.7071072	0.7071071	0	0.70710725	-0.70710725	0	-0.70710725	-0.70710725	0	0	0	0	0.10420258	-0.017994568	-4.5244657e-09	NaN	NaN	NaN	1.8773851e-06	1e-07
0	0	-0.20130607	0	-0.7071071	0.7071071	0	0.70710725	-0.70710725	0	-0.70710725	-0.70710725	0	0	0	0	0.10446542	-0.017884383	-2.9575784e-09	NaN	NaN	NaN	1.8848057e-06	1e-07
0	0	-0.2013061	0	-0.7071072	0.7071071	0	0.70710725	-0.70710725	0	-0.70710725	-0.70710725	0	0	0	0	0.10476288	-0.017757772	-3.7189976e-09	NaN	NaN	NaN	1.8922261e-06	1e-07
0	0	-0.2013061	0	-0.7071072	0.7071071	0	0.70710725	-0.70710725	0	-0.70710725	-0.70710725	0	0	0	0	0.10507646	-0.017605428	-1.1389824e-09	NaN	NaN	NaN	1.8996467e-06	1e-07
0	0	-0.20130606	0	-0.7071071	0.7071071	0	0.70710725	-0.70710725	0	-0.70710725	-0.70710725	0	0	0	0	0.10538565	-0.017418146	-3.7252903e-09	NaN	NaN	NaN	1.9070671e-06	1e-07
0	0	-0.20130607	0	-0.7071071	0.7071072	0	0.70710725	-0.70710725	0	-0.70710725	-0.70710725	0	0	0	0	0.10566701	-0.017187014	-4.153195e-09	NaN	NaN	NaN	1.9144877e-06	1e-07
0	0	-0.20130606	0	-0.7071071	0.7071071	0	0.70710725	-0.70710725	0	-0.70710725	-0.70710725	0	0	0	0	0.10589452	-0.016903669	-6.179451e-09	NaN	NaN	NaN	1.921908e-06	1e-07
0	0	-0.20130607	0	-0.7071071	0.7071071	0	0.70710725	-0.70710725	0	-0.70710725	-0.70710725	0	0	0	0	0.10603879	-0.016560595	-3.6371923e-09	NaN	NaN	NaN	1.9293286e-06	1e-07
0	0	-0.2013061	0	-0.7071071	0.7071072	0	0.70710725	-0.70710725	0	-0.70710725	-0.70710725	0	0	0	0	0.106067024	-0.01615156	-6.5696e-09	NaN	NaN	NaN	1.9367492e-06	1e-07
0	0	-0.20130606	0	-0.7071071	0.7071071	0	0.70710725	-0.70710725	0	-0.70710725	-0.70710725	0	0	0	0	0.10594292	-0.015672043	-3.6246068e-09	NaN	NaN	NaN	1.9441695e-06	1e-07
0	0	-0.20130607	0	-0.7071071	0.7071071	0	0.70710725	-0.70710725	0	-0.70710725	-0.7071072	0	0	0	0	0.10562618	-0.015119833	-6.129109e-09	NaN	NaN	NaN	1.95159e-06	1e-07
0	0	-0.2013061	0	-0.7071071	0.7071071	0	0.70710725	-0.70710725	0	-0.70710725	-0.70710725	0	0	0	0	0.10507224	-0.014495651	-1.2963003e-09	NaN	NaN	NaN	1.9590107e-06	1e-07
0	0	-0.2013061	0	-0.7071072	0.7071071	0	0.70710725	-0.70710725	0	-0.70710725	-0.70710725	0	0	0	0	0.10423262	-0.013803853	-2.0640123e-09	NaN	NaN	NaN	1.966431e-06	1e-07
0	0	-0.20130607	0	-0.7071071	0.7071072	0	0.70710725	-0.70710725	0	-0.70710725	-0.70710725	0	0	0	0	0.103054166	-0.013053197	3.6497777e-10	NaN	NaN	NaN	1.9738516e-06	1e-07
0	0	-0.20130607	0	-0.7071072	0.7071071	0	0.70710725	-0.70710725	0	-0.7071072	-0.70710725	0	0	0	0	0.101479605	-0.012257732	-3.6497776e-09	NaN	NaN	NaN	1.9812721e-06	1e-07
0	0	-0.20130606	0	-0.7071071	0.7071071	0	0.70710725	-0.70710725	0	-0.70710725	-0.70710725	0	0	0	0	0.099447235	-0.011437687	-3.0456766e-09	NaN	NaN	NaN	1.9886925e-06	1e-07
0	0	-0.20130607	0	-0.7071071	0.7071071	0	0.70710725	-0.70710725	0	-0.70710725	-0.70710725	0	0	0	0	0.096891426	-0.010620483	-2.944993e-09	NaN	NaN	NaN	1.996113e-06	1e-07
0	0	-0.2013061	0	-0.7071071	0.7071071	0	0.7071071	-0.70710725	0	-0.70710725	-0.70710725	0	0	0	0	0.093742974	-0.009841789	7.8029727e-10	NaN	NaN	NaN	2.0035336e-06	1e-07
0	0	-0.20130607	0	-0.7071071	0.7071071	0	0.70710725	-0.70710725	0	-0.70710725	-0.70710725	0	0	0	0	0.08992986	-0.009146707	2.517088e-10	NaN	NaN	NaN	2.0109542e-06	1e-07
0	0	-0.20130606	0	-0.7071072	0.7071072	0	0.70710725	-0.70710725	0	-0.70710725	-0.70710725	0	0	0	0	0.085378416	-0.0085909115	3.5994359e-09	NaN	NaN	NaN	2.0183745e-06	1e-07
0	0	-0.20130606	0	-0.7071072	0.7071071	0	0.70710725	-0.70710725	0	-0.70710725	-0.70710725	0	0	0	0	0.080015846	-0.008241842	3.0205055e-10	NaN	NaN	NaN	2.025795e-06	1e-07
0	0	-0.20130606	0	-0.7071071	0.7071071	0	0.70710725	-0.70710725	0	-0.70710725	-0.70710725	0	0	0	0	0.07377309	-0.008179489	3.0205055e-10	NaN	NaN	NaN	2.0332157e-06	1e-07
0	0	-0.2013061	0	-0.7071071	0.7071071	0	0.70710725	-0.70710725	0	-0.70710725	-0.70710725	0	0	0	0	0.06659046	-0.008496597	-1.4095694e-09	NaN	NaN	NaN	2.040636e-06	1e-07
0	0	-0.2013061	0	-0.7071072	0.7071072	0	0.70710725	-0.70710725	0	-0.70710725	-0.70710725	0	0	0	0	0.058424745	-0.009297134	-1.6361072e-09	NaN	NaN	NaN	2.0480566e-06	1e-07
0	0	-0.2013061	0	-0.7071071	0.7071071	0	0.70710725	-0.70710725	0	-0.70710725	-0.70710725	0	0	0	0	0.049260236	-0.010691943	-3.775632e-10	NaN	NaN	NaN	2.0554771e-06	1e-07
0	0	-0.2013061	0	-0.7071071	0.7071072	0	0.70710725	-0.70710725	0	-0.70710725	-0.70710725	0	0	0	0	0.039122753	-0.012789115	2.340892e-09	NaN	NaN	NaN	2.0628975e-06	1e-07
0	0	-0.2013061	0	-0.7071071	0.7071071	0	0.70710725	-0.70710725	0	-0.70710725	-0.70710725	0	0	0	0	0.028095445	-0.015676696	1.5354237e-09	NaN	NaN	NaN	2.070318e-06	1e-07
0	0	-0.20130606	0	-0.7071072	0.7071071	0	0.70710725	-0.7071073	0	-0.70710725	-0.70710725	0	0	0	0	0.016333692	-0.019395102	5.7893024e-10	NaN	NaN	NaN	2.0777386e-06	1e-07
0	0	-0.20130607	0	-0.7071071	0.7071071	0	0.70710725	-0.70710725	0	-0.70710725	-0.70710725	0	0	0	0	0.004070711	-0.023900842	1.0823479e-09	NaN	NaN	NaN	2.085159e-06	1e-07
0	0	-0.20130607	0	-0.7071071	0.7071071	0	0.70710725	-0.70710725	0	-0.70710725	-0.70710725	0	0	0	0	-0.00839251	-0.029030146	-1.6612781e-09	NaN	NaN	NaN	2.0925795e-06	1e-07
0	0	-0.20130606	0	-0.7071071	0.7071071	0	0.70710725	-0.70710725	0	-0.70710725	-0.70710725	0	0	0	0	-0.00839251	-0.029030146	-1.6612781e-09	NaN	NaN	NaN	2.0925795e-06	1.05e-06
0	0	-0.20130606	0	-0.7071071	0.7071072	0	0.70710725	-0.70710725	0	-0.70710725	-0.70710725	0	0	0	0	-0.00839251	-0.029030146	-1.6612781e-09	NaN	NaN	NaN	2.0925795e-06	1.0571808e-06
0	0	-0.20130607	0	-0.7071072	0.7071071	0	0.70710725	-0.70710725	0	-0.70710725	-0.7071072	0	0	0	0	-0.00839251	-0.029030146	-1.6612781e-09	NaN	NaN	NaN	2.0925795e-06	1.0643618e-06
0	0	-0.2013061	0	-0.7071071	0.7071071	0	0.70710725	-0.70710725	0	-0.70710725	-0.70710725	0	0	0	0	-0.00839251	-0.029030146	-1.6612781e-09	NaN	NaN	NaN	2.0925795e-06	1.0715426e-06
0	0	-0.2013061	0	-0.7071071	0.7071071	0	0.70710725	-0.70710725	0	-0.70710725	-0.70710725	0	0	0	0	-0.008392511	-0.029030146	-1.6612781e-09	NaN	NaN	NaN	2.0925795e-06	1.0787234e-06
0	0	-0.20130607	0	-0.7071071	0.7071072	0	0.70710725	-0.70710725	0	-0.70710725	-0.70710725	0	0	0	0	-0.00839251	-0.029030146	-1.6612781e-09	NaN	NaN	NaN	2.0925795e-06	1.0859043e-06
0	0	-0.2013061	0	-0.7071072	0.7071071	0	0.70710725	-0.70710725	0	-0.70710725	-0.70710725	0	0	0	0	-0.00839251	-0.029030146	-1.6612781e-09	NaN	NaN	NaN	2.0925795e-06	1.0930851e-06
0	0	-0.2013061	0	-0.7071071	0.7071071	0	0.70710725	-0.70710725	0	-0.70710725	-0.70710725	0	0	0	0	-0.008392511	-0.029030146	-1.6612781e-09	NaN	NaN	NaN	2.0925795e-06	1.100266e-06
0	0	-0.2013061	0	-0.7071072	0.7071071	0	0.70710725	-0.70710725	0	-0.70710725	-0.70710725	0	0	0	0	-0.00839251	-0.029030146	-1.6612781e-09	NaN	NaN	NaN	2.0925795e-06	1.1074468e-06
0	0	-0.2013061	0	-0.7071071	0.7071071	0	0.70710725	-0.70710725	0	-0.70710725	-0.70710725	0	0	0	0	-0.00839251	-0.029030146	-1.6612781e-09	NaN	NaN	NaN	2.0925795e-06	1.1146277e-06
0	0	-0.20130607	0	-0.7071072	0.7071071	0	0.70710725	-0.70710725	0	-0.70710725	-0.70710725	0	0	0	0	-0.00839251	-0.029030146	-1.6612781e-09	NaN	NaN	NaN	2.0925795e-06	1.1218085e-06
0	0	-0.20130607	0	-0.7071071	0.7071071	0	0.70710725	-0.70710725	0	-0.70710725	-0.70710725	0	0	0	0	-0.00839251	-0.029030146	-1.6612781e-09	NaN	NaN	NaN	2.0925795e-06	1.1289893e-06
0	0	-0.20130607	0	-0.7071072	0.7071071	0	0.70710725	-0.70710725	0	-0.70710725	-0.70710725	0	0	0	0	-0.00839251	-0.029030146	-1.6612781e-09	NaN	NaN	NaN	2.0925795e-06	1.1361702e-06
0	0	-0.2013061	0	-0.7071071	0.7071072	0	0.70710725	-0.70710725	0	-0.70710725	-0.70710725	0	0	0	0	-0.008392511	-0.029030146	-1.6612781e-09	NaN	NaN	NaN	2.0925795e-06	1.143351e-06
0	0	-0.20130606	0	-0.7071071	0.7071071	0	0.70710725	-0.70710725	0	-0.70710725	-0.70710725	0	0	0	0	-0.00839251	-0.029030146	-1.6612781e-09	NaN	NaN	NaN	2.0925795e-06	1.150532e-06
0	0	-0.2013061	0	-0.7071071	0.7071071	0	0.70710725	-0.70710725	0	-0.70710725	-0.70710725	0	0	0	0	-0.00839251	-0.029030146	-1.6612781e-09	NaN	NaN	NaN	2.0925795e-06	1.1577127e-06
0	0	-0.20130606	0	-0.7071071	0.7071071	0	0.70710725	-0.70710725	0	-0.70710725	-0.70710725	0	0	0	0	-0.008392511	-0.029030146	-1.6612781e-09	NaN	NaN	NaN	2.0925795e-06	1.1648937e-06
0	0	-0.20130606	0	-0.7071072	0.7071071	0	0.70710725	-0.70710725	0	-0.70710725	-0.70710725	0	0	0	0	-0.00839251	-0.029030146	-1.6612781e-09	NaN	NaN	NaN	2.0925795e-06	1.1720745e-06
0	0	-0.20130607	0	-0.7071071	0.7071071	0	0.70710725	-0.70710725	0	-0.70710725	-0.70710725	0	0	0	0	-0.00839251	-0.029030146	-1.6612781e-09	NaN	NaN	NaN	2.0925795e-06	1.1792553e-06
0	0	-0.20130607	0	-0.7071071	0.7071071	0	0.70710725	-0.70710725	0	-0.70710725	-0.70710725	0	0	0	0	-0.00839251	-0.029030146	-1.6612781e-09	NaN	NaN	NaN	2.0925795e-06	1.1864362e-06
0	0	-0.20130607	0	-0.7071071	0.7071071	0	0.70710725	-0.70710725	0	-0.70710725	-0.70710725	0	0	0	0	-0.00839251	-0.029030146	-1.6612781e-09	NaN	NaN	NaN	2.0925795e-06	1.193617e-06
0	0	-0.20130607	0	-0.7071072	0.7071072	0	0.70710725	-0.70710725	0	-0.70710725	-0.70710725	0	0	0	0	-0.008392511	-0.029030146	-1.6612781e-09	NaN	NaN	NaN	2.0925795e-06	1.2007979e-06
0	0	-0.20130607	0	-0.7071071	0.7071071	0	0.70710725	-0.70710725	0	-0.70710725	-0.70710725	0	0	0	0	-0.008392511	-0.029030146	-1.6612781e-09	NaN	NaN	NaN	2.0925795e-06	1.2079787e-06
0	0	-0.20130606	0	-0.7071072	0.7071072	0	0.70710725	-0.70710725	0	-0.70710725	-0.70710725	0	0	0	0	-0.00839251	-0.029030146	-1.6612781e-09	NaN	NaN	NaN	2.0925795e-06	1.2151596e-06
0	0	-0.20130606	0	-0.7071071	0.7071071	0	0.70710725	-0.70710725	0	-0.70710725	-0.70710725	0	0	0	0	-0.00839251	-0.029030146	-1.6612781e-09	NaN	NaN	NaN	2.0925795e-06	1.2223404e-06
0	0	-0.2013061	0	-0.7071071	0.7071071	0	0.70710725	-0.70710725	0	-0.70710725	-0.70710725	0	0	0	0	-0.00839251	-0.029030146	-1.6612781e-09	NaN	NaN	NaN	2.0925795e-06	1.2295213e-06
0	0	-0.2013061	0	-0.7071071	0.7071071	0	0.70710725	-0.70710725	0	-0.70710725	-0.70710725	0	0	0	0	-0.008392511	-0.029030146	-1.6612781e-09	NaN	NaN	NaN	2.0925795e-06	1.2367021e-06
0	0	-0.20130607	0	-0.7071071	0.7071071	0	0.70710725	-0.70710725	0	-0.70710725	-0.70710725	0	0	0	0	-0.00839251	-0.029030146	-1.6612781e-09	NaN	NaN	NaN	2.0925795e-06	1.2438829e-06
0	0	-0.2013061	0	-0.7071072	0.7071071	0	0.70710725	-0.70710725	0	-0.70710725	-0.70710725	0	0	0	0	-0.00839251	-0.029030146	-1.6612781e-09	NaN	NaN	NaN	2.0925795e-06	1.2510638e-06
0	0	-0.2013061	0	-0.7071071	0.7071072	0	0.70710725	-0.70710725	0	-0.70710725	-0.70710725	0	0	0	0	-0.00839251	-0.029030146	-1.6612781e-09	NaN	NaN	NaN	2.0925795e-06	1.2582447e-06
0	0	-0.20130607	0	-0.7071072	0.7071072	0	0.70710725	-0.70710725	0	-0.70710725	-0.70710725	0	0	0	0	-0.00839251	-0.029030146	-1.6612781e-09	NaN	NaN	NaN	2.0925795e-06	1.2654256e-06
0	0	-0.2013061	0	-0.7071071	0.7071072	0	0.70710725	-0.70710725	0	-0.70710725	-0.70710725	0	0	0	0	-0.00839251	-0.029030146	-1.6612781e-09	NaN	NaN	NaN	2.0925795e-06	1.2726064e-06
0	0	-0.20130607	0	-0.7071072	0.7071071	0	0.70710725	-0.70710725	0	-0.70710725	-0.70710725	0	0	0	0	-0.00839251	-0.029030146	-1.6612781e-09	NaN	NaN	NaN	2.0925795e-06	1.2797873e-06
0	0	-0.20130606	0	-0.7071071	0.7071071	0	0.70710725	-0.70710725	0	-0.70710725	-0.70710725	0	0	0	0	-0.00839251	-0.029030146	-1.6612781e-09	NaN	NaN	NaN	2.0925795e-06	1.2869681e-06
0	0	-0.20130607	0	-0.7071071	0.7071071	0	0.70710725	-0.70710725	0	-0.70710725	-0.70710725	0	0	0	0	-0.00839251	-0.029030146	-1.6612781e-09	NaN	NaN	NaN	2.0925795e-06	1.2941489e-06
0	0	-0.20130607	0	-0.7071071	0.7071071	0	0.70710725	-0.70710725	0	-0.70710725	-0.70710725	0	0	0	0	-0.00839251	-0.029030146	-1.6612781e-09	NaN	NaN	NaN	2.0925795e-06	1.3013298e-06
0	0	-0.20130606	0	-0.7071071	0.7071071	0	0.70710725	-0.70710725	0	-0.70710725	-0.70710725	0	0	0	0	-0.00839251	-0.029030146	-1.6612781e-09	NaN	NaN	NaN	2.0925795e-06	1.3085106e-06
0	0	-0.20130606	0	-0.7071071	0.7071071	0	0.70710725	-0.7071073	0	-0.70710725	-0.70710725	0	0	0	0	-0.008392511	-0.029030146	-1.6612781e-09	NaN	NaN	NaN	2.0925795e-06	1.3156915e-06
0	0	-0.20130607	0	-0.7071071	0.7071072	0	0.70710725	-0.70710725	0	-0.70710725	-0.7071072	0	0	0	0	-0.00839251	-0.029030146	-1.6612781e-09	NaN	NaN	NaN	2.0925795e-06	1.3228723e-06
0	0	-0.20130607	0	-0.7071071	0.7071071	0	0.70710725	-0.70710725	0	-0.70710725	-0.70710725	0	0	0	0	-0.00839251	-0.029030146	-1.6612781e-09	NaN	NaN	NaN	2.0925795e-06	1.3300532e-06
0	0	-0.20130607	0	-0.7071072	0.7071072	0	0.70710725	-0.70710725	0	-0.70710725	-0.70710725	0	0	0	0	-0.00839251	-0.029030146	-1.6612781e-09	NaN	NaN	NaN	2.0925795e-06	1.337234e-06
0	0	-0.20130607	0	-0.7071071	0.7071072	0	0.70710725	-0.70710725	0	-0.70710725	-0.70710725	0	0	0	0	-0.008392511	-0.029030146	-1.6612781e-09	NaN	NaN	NaN	2.0925795e-06	1.3444148e-06
0	0	-0.20130607	0	-0.7071071	0.7071071	0	0.70710725	-0.70710725	0	-0.70710725	-0.70710725	0	0	0	0	-0.00839251	-0.029030146	-1.6612781e-09	NaN	NaN	NaN	2.0925795e-06	1.3515958e-06
0	0	-0.20130607	0	-0.7071072	0.7071071	0	0.70710725	-0.70710725	0	-0.70710725	-0.70710725	0	0	0	0	-0.008392511	-0.029030146	-1.6612781e-09	NaN	NaN	NaN	2.0925795e-06	1.3587766e-06
0	0	-0.20130606	0	-0.7071071	0.7071071	0	0.70710725	-0.70710725	0	-0.70710725	-0.70710725	0	0	0	0	-0.00839251	-0.029030146	-1.6612781e-09	NaN	NaN	NaN	2.0925795e-06	1.3659575e-06
0	0	-0.20130607	0	-0.7071071	0.7071072	0	0.70710725	-0.70710725	0	-0.70710725	-0.70710725	0	0	0	0	-0.00839251	-0.029030146	-1.6612781e-09	NaN	NaN	NaN	2.0925795e-06	1.3731383e-06
0	0	-0.20130607	0	-0.7071071	0.7071071	0	0.70710725	-0.70710725	0	-0.70710725	-0.70710725	0	0	0	0	-0.00839251	-0.029030146	-1.6612781e-09	NaN	NaN	NaN	2.0925795e-06	1.3803192e-06
0	0	-0.20130607	0	-0.7071071	0.7071072	0	0.70710725	-0.70710725	0	-0.70710725	-0.70710725	0	0	0	0	-0.00839251	-0.029030146	-1.6612781e-09	NaN	NaN	NaN	2.0925795e-06	1.3875e-06
0	0	-0.2013061	0	-0.7071071	0.7071071	0	0.70710725	-0.70710725	0	-0.70710725	-0.70710725	0	0	0	0	-0.008392511	-0.029030146	-1.6612781e-09	NaN	NaN	NaN	2.0925795e-06	1.3946809e-06
0	0	-0.20130607	0	-0.7071072	0.7071072	0	0.70710725	-0.70710725	0	-0.70710725	-0.70710725	0	0	0	0	-0.00839251	-0.029030146	-1.6612781e-09	NaN	NaN	NaN	2.0925795e-06	1.4018617e-06
0	0	-0.2013061	0	-0.7071071	0.7071071	0	0.70710725	-0.70710725	0	-0.70710725	-0.70710725	0	0	0	0	-0.00839251	-0.029030146	-1.6612781e-09	NaN	NaN	NaN	2.0925795e-06	1.4090425e-06
0	0	-0.20130607	0	-0.7071072	0.7071072	0	0.70710725	-0.70710725	0	-0.70710725	-0.70710725	0	0	0	0	-0.008392511	-0.029030146	-1.6612781e-09	NaN	NaN	NaN	2.0925795e-06	1.4162234e-06
0	0	-0.20130607	0	-0.7071072	0.7071071	0	0.70710725	-0.70710725	0	-0.70710725	-0.70710725	0	0	0	0	-0.00839251	-0.029030146	-1.6612781e-09	NaN	NaN	NaN	2.0925795e-06	1.4234042e-06
0	0	-0.2013061	0	-0.7071071	0.7071071	0	0.70710725	-0.70710725	0	-0.70710725	-0.70710725	0	0	0	0	-0.008392511	-0.029030146	-1.6612781e-09	NaN	NaN	NaN	2.0925795e-06	1.4305851e-06
0	0	-0.2013061	0	-0.7071071	0.7071072	0	0.70710725	-0.70710725	0	-0.70710725	-0.70710725	0	0	0	0	-0.00839251	-0.029030146	-1.6612781e-09	NaN	NaN	NaN	2.0925795e-06	1.437766e-06
0	0	-0.2013061	0	-0.7071071	0.7071071	0	0.70710725	-0.70710725	0	-0.70710725	-0.70710725	0	0	0	0	-0.00839251	-0.029030146	-1.6612781e-09	NaN	NaN	NaN	2.0925795e-06	1.4449469e-06
0	0	-0.20130606	0	-0.7071072	0.7071071	0	0.70710725	-0.70710725	0	-0.70710725	-0.70710725	0	0	0	0	-0.00839251	-0.029030146	-1.6612781e-09	NaN	NaN	NaN	2.0925795e-06	1.4521277e-06
0	0	-0.20130607	0	-0.7071072	0.7071072	0	0.70710725	-0.70710725	0	-0.70710725	-0.70710725	0	0	0	0	-0.00839251	-0.029030146	-1.6612781e-09	NaN	NaN	NaN	2.0925795e-06	1.4593085e-06
0	0	-0.20130607	0	-0.7071072	0.7071071	0	0.70710725	-0.70710725	0	-0.70710725	-0.70710725	0	0	0	0	-0.00839251	-0.029030146	-1.6612781e-09	NaN	NaN	NaN	2.0925795e-06	1.4664894e-06
0	0	-0.20130606	0	-0.7071071	0.7071071	0	0.70710725	-0.70710725	0	-0.70710725	-0.70710725	0	0	0	0	-0.00839251	-0.029030146	-1.6612781e-09	NaN	NaN	NaN	2.0925795e-06	1.4736702e-06
0	0	-0.20130607	0	-0.7071071	0.7071071	0	0.70710725	-0.70710725	0	-0.70710725	-0.70710725	0	0	0	0	-0.00839251	-0.029030146	-1.6612781e-09	NaN	NaN	NaN	2.0925795e-06	1.4808511e-06
0	0	-0.20130607	0	-0.7071071	0.7071072	0	0.70710725	-0.70710725	0	-0.70710725	-0.70710725	0	0	0	0	-0.00839251	-0.029030146	-1.6612781e-09	NaN	NaN	NaN	2.0925795e-06	1.4880319e-06
0	0	-0.20130607	0	-0.7071071	0.7071072	0	0.70710725	-0.70710725	0	-0.70710725	-0.70710725	0	0	0	0	-0.00839251	-0.029030146	-1.6612781e-09	NaN	NaN	NaN	2.0925795e-06	1.4952128e-06
0	0	-0.20130606	0	-0.7071071	0.7071071	0	0.70710725	-0.70710725	0	-0.70710725	-0.70710725	0	0	0	0	-0.00839251	-0.029030146	-1.6612781e-09	NaN	NaN	NaN	2.0925795e-06	1.5023936e-06
0	0	-0.20130607	0	-0.7071071	0.7071071	0	0.70710725	-0.70710725	0	-0.70710725	-0.70710725	0	0	0	0	-0.008392511	-0.029030146	-1.6612781e-09	NaN	NaN	NaN	2.0925795e-06	1.5095744e-06
0	0	-0.20130606	0	-0.7071071	0.7071071	0	0.70710725	-0.70710725	0	-0.70710725	-0.70710725	0	0	0	0	-0.00839251	-0.029030146	-1.6612781e-09	NaN	NaN	NaN	2.0925795e-06	1.5167553e-06
0	0	-0.20130607	0	-0.7071072	0.7071071	0	0.70710725	-0.70710725	0	-0.70710725	-0.70710725	0	0	0	0	-0.00839251	-0.029030146	-1.6612781e-09	NaN	NaN	NaN	2.0925795e-06	1.5239361e-06
0	0	-0.20130606	0	-0.7071071	0.7071072	0	0.70710725	-0.70710725	0	-0.70710725	-0.70710725	0	0	0	0	-0.00839251	-0.029030146	-1.6612781e-09	NaN	NaN	NaN	2.0925795e-06	1.531117e-06
0	0	-0.2013061	0	-0.7071071	0.7071071	0	0.70710725	-0.70710725	0	-0.70710725	-0.70710725	0	0	0	0	-0.00839251	-0.029030146	-1.6612781e-09	NaN	NaN	NaN	2.0925795e-06	1.5382979e-06
0	0	-0.20130607	0	-0.7071071	0.7071072	0	0.70710725	-0.70710725	0	-0.70710725	-0.70710725	0	0	0	0	-0.00839251	-0.029030146	-1.6612781e-09	NaN	NaN	NaN	2.0925795e-06	1.5454788e-06
0	0	-0.20130607	0	-0.7071071	0.7071072	0	0.70710725	-0.70710725	0	-0.70710725	-0.70710725	0	0	0	0	-0.00839251	-0.029030146	-1.6612781e-09	NaN	NaN	NaN	2.0925795e-06	1.5526596e-06
0	0	-0.2013061	0	-0.7071072	0.7071071	0	0.70710725	-0.70710725	0	-0.70710725	-0.70710725	0	0	0	0	-0.00839251	-0.029030146	-1.6612781e-09	NaN	NaN	NaN	2.0925795e-06	1.5598404e-06
0	0	-0.20130606	0	-0.7071072	0.7071072	0	0.70710725	-0.70710725	0	-0.70710725	-0.70710725	0	0	0	0	-0.008392511	-0.029030146	-1.6612781e-09	NaN	NaN	NaN	2.0925795e-06	1.5670213e-06
0	0	-0.20130607	0	-0.7071071	0.7071071	0	0.70710725	-0.70710725	0	-0.70710725	-0.70710725	0	0	0	0	-0.00839251	-0.029030146	-1.6612781e-09	NaN	NaN	NaN	2.0925795e-06	1.5742021e-06
0	0	-0.20130606	0	-0.7071071	0.7071071	0	0.70710725	-0.70710725	0	-0.70710725	-0.70710725	0	0	0	0	-0.00839251	-0.029030146	-1.6612781e-09	NaN	NaN	NaN	2.0925795e-06	1.581383e-06
0	0	-0.20130607	0	-0.7071071	0.7071072	0	0.70710725	-0.70710725	0	-0.70710725	-0.70710725	0	0	0	0	-0.00839251	-0.029030146	-1.6612781e-09	NaN	NaN	NaN	2.0925795e-06	1.5885638e-06
0	0	-0.20130607	0	-0.7071072	0.7071071	0	0.70710725	-0.7071073	0	-0.70710725	-0.70710725	0	0	0	0	-0.00839251	-0.029030146	-1.6612781e-09	NaN	NaN	NaN	2.0925795e-06	1.5957447e-06
0	0	-0.20130607	0	-0.7071071	0.7071071	0	0.70710725	-0.70710725	0	-0.70710725	-0.70710725	0	0	0	0	-0.00839251	-0.02903015	-1.6612781e-09	NaN	NaN	NaN	2.0925795e-06	1.6029255e-06
0	0	-0.20130607	0	-0.7071071	0.7071071	0	0.70710725	-0.70710725	0	-0.70710725	-0.70710725	0	0	0	0	-0.00839251	-0.029030146	-1.6612781e-09	NaN	NaN	NaN	2.0925795e-06	1.6101064e-06
0	0	-0.20130606	0	-0.7071071	0.7071071	0	0.70710725	-0.70710725	0	-0.70710725	-0.70710725	0	0	0	0	-0.008392511	-0.029030146	-1.6612781e-09	NaN	NaN	NaN	2.0925795e-06	1.6172872e-06
0	0	-0.20130607	0	-0.7071071	0.7071071	0	0.70710725	-0.70710725	0	-0.70710725	-0.70710725	0	0	0	0	-0.00839251	-0.029030146	-1.6612781e-09	NaN	NaN	NaN	2.0925795e-06	1.624468e-06
0	0	-0.20130606	0	-0.7071071	0.7071071	0	0.70710725	-0.70710725	0	-0.70710725	-0.70710725	0	0	0	0	-0.00839251	-0.029030146	-1.6612781e-09	NaN	NaN	NaN	2.0925795e-06	1.631649e-06
0	0	-0.20130606	0	-0.7071072	0.7071071	0	0.70710725	-0.70710725	0	-0.70710725	-0.70710725	0	0	0	0	-0.00839251	-0.029030146	-1.6612781e-09	NaN	NaN	NaN	2.0925795e-06	1.6388298e-06
0	0	-0.20130607	0	-0.7071071	0.7071071	0	0.70710725	-0.70710725	0	-0.70710725	-0.70710725	0	0	0	0	-0.00839251	-0.029030146	-1.6612781e-09	NaN	NaN	NaN	2.0925795e-06	1.6460107e-06
0	0	-0.20130606	0	-0.7071071	0.7071072	0	0.70710725	-0.70710725	0	-0.70710725	-0.70710725	0	0	0	0	-0.00839251	-0.029030146	-1.6612781e-09	NaN	NaN	NaN	2.0925795e-06	1.6531915e-06
0	0	-0.20130606	0	-0.7071072	0.7071071	0	0.70710725	-0.70710725	0	-0.70710725	-0.7071072	0	0	0	0	-0.008392511	-0.029030146	-1.6612781e-09	NaN	NaN	NaN	2.0925795e-06	1.6603724e-06
0	0	-0.20130607	0	-0.7071071	0.7071071	0	0.70710725	-0.7071073	0	-0.70710725	-0.70710725	0	0	0	0	-0.00839251	-0.029030146	-1.6612781e-09	NaN	NaN	NaN	2.0925795e-06	1.6675532e-06
0	0	-0.20130607	0	-0.7071071	0.7071072	0	0.70710725	-0.70710725	0	-0.70710725	-0.70710725	0	0	0	0	-0.00839251	-0.029030146	-1.6612781e-09	NaN	NaN	NaN	2.0925795e-06	1.674734e-06
0	0	-0.2013061	0	-0.7071071	0.7071071	0	0.70710725	-0.70710725	0	-0.70710725	-0.70710725	0	0	0	0	-0.00839251	-0.029030146	-1.6612781e-09	NaN	NaN	NaN	2.0925795e-06	1.6819149e-06
0	0	-0.20130607	0	-0.7071071	0.7071072	0	0.70710725	-0.70710725	0	-0.70710725	-0.70710725	0	0	0	0	-0.00839251	-0.029030146	-1.6612781e-09	NaN	NaN	NaN	2.0925795e-06	1.6890957e-06
0	0	-0.2013061	0	-0.7071071	0.7071071	0	0.70710725	-0.70710725	0	-0.70710725	-0.70710725	0	0	0	0	-0.00839251	-0.029030146	-1.6612781e-09	NaN	NaN	NaN	2.0925795e-06	1.6962766e-06
0	0	-0.20130607	0	-0.7071071	0.7071071	0	0.70710725	-0.70710725	0	-0.70710725	-0.70710725	0	0	0	0	-0.008392511	-0.029030146	-1.6612781e-09	NaN	NaN	NaN	2.0925795e-06	1.7034574e-06
0	0	-0.20130606	0	-0.7071071	0.7071072	0	0.70710725	-0.70710725	0	-0.70710725	-0.70710725	0	0	0	0	-0.00839251	-0.029030146	-1.6612781e-09	NaN	NaN	NaN	2.0925795e-06	1.7106383e-06
0	0	-0.20130607	0	-0.7071071	0.7071071	0	0.70710725	-0.70710725	0	-0.70710725	-0.70710725	0	0	0	0	-0.00839251	-0.029030146	-1.6612781e-09	NaN	NaN	NaN	2.0925795e-06	1.7178191e-06
0	0	-0.20130607	0	-0.7071071	0.7071071	0	0.70710725	-0.70710725	0	-0.70710725	-0.70710725	0	0	0	0	-0.00839251	-0.029030146	-1.6612781e-09	NaN	NaN	NaN	2.0925795e-06	1.725e-06
0	0	-0.20130607	0	-0.7071071	0.7071072	0	0.70710725	-0.70710725	0	-0.70710725	-0.70710725	0	0	0	0	-0.00839251	-0.029030146	-1.6612781e-09	NaN	NaN	NaN	2.0925795e-06	1.7321809e-06
0	0	-0.20130607	0	-0.7071071	0.7071071	0	0.70710725	-0.70710725	0	-0.70710725	-0.70710725	0	0	0	0	-0.00839251	-0.029030146	-1.6612781e-09	NaN	NaN	NaN	2.0925795e-06	1.7393617e-06
0	0	-0.20130607	0	-0.7071071	0.7071072	0	0.70710725	-0.70710725	0	-0.70710725	-0.70710725	0	0	0	0	-0.00839251	-0.029030146	-1.6612781e-09	NaN	NaN	NaN	2.0925795e-06	1.7465426e-06
0	0	-0.2013061	0	-0.7071071	0.7071071	0	0.70710725	-0.70710725	0	-0.70710725	-0.70710725	0	0	0	0	-0.00839251	-0.029030146	-1.6612781e-09	NaN	NaN	NaN	2.0925795e-06	1.7537234e-06
0	0	-0.20130606	0	-0.7071071	0.7071072	0	0.70710725	-0.70710725	0	-0.70710725	-0.70710725	0	0	0	0	-0.00839251	-0.029030146	-1.6612781e-09	NaN	NaN	NaN	2.0925795e-06	1.7609043e-06
0	0	-0.20130607	0	-0.7071071	0.7071071	0	0.70710725	-0.70710725	0	-0.70710725	-0.70710725	0	0	0	0	-0.00839251	-0.029030146	-1.6612781e-09	NaN	NaN	NaN	2.0925795e-06	1.7680851e-06
0	0	-0.2013061	0	-0.7071072	0.7071071	0	0.70710725	-0.70710725	0	-0.70710725	-0.70710725	0	0	0	0	-0.00839251	-0.029030146	-1.6612781e-09	NaN	NaN	NaN	2.0925795e-06	1.775266e-06
0	0	-0.20130607	0	-0.7071072	0.7071071	0	0.70710725	-0.70710725	0	-0.70710725	-0.70710725	0	0	0	0	-0.00839251	-0.029030146	-1.6612781e-09	NaN	NaN	NaN	2.0925795e-06	1.7824468e-06
0	0	-0.20130607	0	-0.7071071	0.7071072	0	0.70710725	-0.70710725	0	-0.70710725	-0.70710725	0	0	0	0	-0.008392511	-0.029030146	-1.6612781e-09	NaN	NaN	NaN	2.0925795e-06	1.7896276e-06
0	0	-0.2013061	0	-0.7071071	0.7071071	0	0.70710725	-0.70710725	0	-0.70710725	-0.70710725	0	0	0	0	-0.00839251	-0.029030146	-1.6612781e-09	NaN	NaN	NaN	2.0925795e-06	1.7968085e-06
0	0	-0.20130607	0	-0.7071072	0.7071071	0	0.70710725	-0.70710725	0	-0.70710725	-0.70710725	0	0	0	0	-0.00839251	-0.029030146	-1.6612781e-09	NaN	NaN	NaN	2.0925795e-06	1.8039893e-06
0	0	-0.20130607	0	-0.7071072	0.7071071	0	0.70710725	-0.70710725	0	-0.70710725	-0.70710725	0	0	0	0	-0.00839251	-0.029030146	-1.6612781e-09	NaN	NaN	NaN	2.0925795e-06	1.8111703e-06
0	0	-0.20130607	0	-0.7071071	0.7071071	0	0.70710725	-0.70710725	0	-0.70710725	-0.70710725	0	0	0	0	-0.00839251	-0.029030146	-1.6612781e-09	NaN	NaN	NaN	2.0925795e-06	1.818351e-06
0	0	-0.20130606	0	-0.7071071	0.7071072	0	0.70710725	-0.70710725	0	-0.70710725	-0.70710725	0	0	0	0	-0.008392511	-0.029030146	-1.6612781e-09	NaN	NaN	NaN	2.0925795e-06	1.825532e-06
0	0	-0.20130606	0	-0.7071072	0.7071071	0	0.70710725	-0.70710725	0	-0.70710725	-0.70710725	0	0	0	0	-0.008392511	-0.029030146	-1.6612781e-09	NaN	NaN	NaN	2.0925795e-06	1.8327128e-06
0	0	-0.20130606	0	-0.7071071	0.7071072	0	0.70710725	-0.70710725	0	-0.70710725	-0.70710725	0	0	0	0	-0.00839251	-0.029030146	-1.6612781e-09	NaN	NaN	NaN	2.0925795e-06	1.8398936e-06
0	0	-0.20130606	0	-0.7071072	0.7071072	0	0.70710725	-0.70710725	0	-0.70710725	-0.70710725	0	0	0	0	-0.00839251	-0.029030146	-1.6612781e-09	NaN	NaN	NaN	2.0925795e-06	1.8470745e-06
0	0	-0.20130607	0	-0.7071071	0.7071071	0	0.70710725	-0.70710725	0	-0.70710725	-0.70710725	0	0	0	0	-0.008392511	-0.029030146	-1.6612781e-09	NaN	NaN	NaN	2.0925795e-06	1.8542553e-06
0	0	-0.20130607	0	-0.7071072	0.7071071	0	0.70710725	-0.70710725	0	-0.70710725	-0.70710725	0	0	0	0	-0.00839251	-0.029030146	-1.6612781e-09	NaN	NaN	NaN	2.0925795e-06	1.8614362e-06
0	0	-0.20130607	0	-0.7071072	0.7071071	0	0.70710725	-0.70710725	0	-0.70710725	-0.70710725	0	0	0	0	-0.008392511	-0.029030146	-1.6612781e-09	NaN	NaN	NaN	2.0925795e-06	1.868617e-06
0	0	-0.20130607	0	-0.7071072	0.7071071	0	0.70710725	-0.70710725	0	-0.70710725	-0.70710725	0	0	0	0	-0.008392511	-0.029030146	-1.6612781e-09	NaN	NaN	NaN	2.0925795e-06	1.8757979e-06
0	0	-0.20130607	0	-0.7071071	0.7071072	0	0.70710725	-0.70710725	0	-0.70710725	-0.70710725	0	0	0	0	-0.00839251	-0.029030146	-1.6612781e-09	NaN	NaN	NaN	2.0925795e-06	1.8829787e-06
0	0	-0.20130607	0	-0.7071071	0.7071072	0	0.70710725	-0.70710725	0	-0.70710725	-0.70710725	0	0	0	0	-0.00839251	-0.029030146	-1.6612781e-09	NaN	NaN	NaN	2.0925795e-06	1.8901595e-06
0	0	-0.2013061	0	-0.7071071	0.7071072	0	0.70710725	-0.70710725	0	-0.70710725	-0.70710725	0	0	0	0	-0.008392511	-0.029030146	-1.6612781e-09	NaN	NaN	NaN	2.0925795e-06	1.8973404e-06
0	0	-0.20130606	0	-0.7071071	0.7071071	0	0.70710725	-0.70710725	0	-0.70710725	-0.70710725	0	0	0	0	-0.00839251	-0.029030146	-1.6612781e-09	NaN	NaN	NaN	2.0925795e-06	1.9045212e-06
0	0	-0.2013061	0	-0.7071071	0.7071071	0	0.70710725	-0.70710725	0	-0.70710725	-0.70710725	0	0	0	0	-0.008392511	-0.029030146	-1.6612781e-09	NaN	NaN	NaN	2.0925795e-06	1.9117022e-06
0	0	-0.20130606	0	-0.7071071	0.7071071	0	0.70710725	-0.70710725	0	-0.70710725	-0.70710725	0	0	0	0	-0.00839251	-0.029030146	-1.6612781e-09	NaN	NaN	NaN	2.0925795e-06	1.918883e-06
0	0	-0.20130607	0	-0.7071071	0.7071071	0	0.70710725	-0.70710725	0	-0.70710725	-0.70710725	0	0	0	0	-0.00839251	-0.029030146	-1.6612781e-09	NaN	NaN	NaN	2.0925795e-06	1.9260638e-06
0	0	-0.20130607	0	-0.7071071	0.7071071	0	0.70710725	-0.70710725	0	-0.70710725	-0.70710725	0	0	0	0	-0.00839251	-0.029030146	-1.6612781e-09	NaN	NaN	NaN	2.0925795e-06	1.9332447e-06
0	0	-0.20130607	0	-0.7071071	0.7071072	0	0.70710725	-0.70710725	0	-0.70710725	-0.70710725	0	0	0	0	-0.008392511	-0.029030146	-1.6612781e-09	NaN	NaN	NaN	2.0925795e-06	1.9404256e-06
0	0	-0.20130606	0	-0.7071071	0.7071071	0	0.70710725	-0.70710725	0	-0.70710725	-0.70710725	0	0	0	0	-0.00839251	-0.029030146	-1.6612781e-09	NaN	NaN	NaN	2.0925795e-06	1.9476063e-06
0	0	-0.20130606	0	-0.7071071	0.7071071	0	0.70710725	-0.70710725	0	-0.70710725	-0.70710725	0	0	0	0	-0.00839251	-0.029030146	-1.6612781e-09	NaN	NaN	NaN	2.0925795e-06	1.9547872e-06
0	0	-0.2013061	0	-0.7071071	0.7071071	0	0.70710725	-0.7071073	0	-0.70710725	-0.70710725	0	0	0	0	-0.00839251	-0.029030146	-1.6612781e-09	NaN	NaN	NaN	2.0925795e-06	1.961968e-06
0	0	-0.20130606	0	-0.7071071	0.7071071	0	0.70710725	-0.70710725	0	-0.70710725	-0.70710725	0	0	0	0	-0.00839251	-0.029030146	-1.6612781e-09	NaN	NaN	NaN	2.0925795e-06	1.969149e-06
0	0	-0.20130607	0	-0.7071072	0.7071071	0	0.70710725	-0.70710725	0	-0.70710725	-0.70710725	0	0	0	0	-0.008392511	-0.029030146	-1.6612781e-09	NaN	NaN	NaN	2.0925795e-06	1.9763297e-06
0	0	-0.2013061	0	-0.7071072	0.7071071	0	0.70710725	-0.70710725	0	-0.70710725	-0.70710725	0	0	0	0	-0.00839251	-0.029030146	-1.6612781e-09	NaN	NaN	NaN	2.0925795e-06	1.9835106e-06
0	0	-0.20130607	0	-0.7071072	0.7071071	0	0.70710725	-0.70710725	0	-0.70710725	-0.70710725	0	0	0	0	-0.00839251	-0.029030146	-1.6612781e-09	NaN	NaN	NaN	2.0925795e-06	1.9906915e-06
0	0	-0.20130607	0	-0.7071071	0.7071071	0	0.70710725	-0.70710725	0	-0.70710725	-0.70710725	0	0	0	0	-0.00839251	-0.029030146	-1.6612781e-09	NaN	NaN	NaN	2.0925795e-06	1.9978722e-06
0	0	-0.20130606	0	-0.7071071	0.7071072	0	0.70710725	-0.70710725	0	-0.70710725	-0.70710725	0	0	0	0	-0.00839251	-0.029030146	-1.6612781e-09	NaN	NaN	NaN	2.0925795e-06	2.0050531e-06
0	0	-0.2013061	0	-0.7071071	0.7071071	0	0.70710725	-0.70710725	0	-0.70710725	-0.70710725	0	0	0	0	-0.008392511	-0.029030146	-1.6612781e-09	NaN	NaN	NaN	2.0925795e-06	2.012234e-06
0	0	-0.20130606	0	-0.7071072	0.7071071	0	0.70710725	-0.70710725	0	-0.70710725	-0.70710725	0	0	0	0	-0.00839251	-0.029030146	-1.6612781e-09	NaN	NaN	NaN	2.0925795e-06	2.019415e-06
0	0	-0.2013061	0	-0.7071071	0.7071071	0	0.70710725	-0.70710725	0	-0.70710725	-0.70710725	0	0	0	0	-0.00839251	-0.029030146	-1.6612781e-09	NaN	NaN	NaN	2.0925795e-06	2.0265957e-06
0	0	-0.20130607	0	-0.7071072	0.7071071	0	0.70710725	-0.70710725	0	-0.70710725	-0.70710725	0	0	0	0	-0.00839251	-0.029030146	-1.6612781e-09	NaN	NaN	NaN	2.0925795e-06	2.0337766e-06
0	0	-0.2013061	0	-0.7071071	0.7071071	0	0.70710725	-0.70710725	0	-0.70710725	-0.70710725	0	0	0	0	-0.008392511	-0.029030146	-1.6612781e-09	NaN	NaN	NaN	2.0925795e-06	2.0409575e-06
0	0	-0.2013061	0	-0.7071071	0.7071071	0	0.70710725	-0.70710725	0	-0.70710725	-0.70710725	0	0	0	0	-0.00839251	-0.029030146	-1.6612781e-09	NaN	NaN	NaN	2.0925795e-06	2.0481382e-06
0	0	-0.2013061	0	-0.7071072	0.7071071	0	0.70710725	-0.70710725	0	-0.70710725	-0.70710725	0	0	0	0	-0.008392511	-0.029030146	-1.6612781e-09	NaN	NaN	NaN	2.0925795e-06	2.055319e-06
0	0	-0.20130607	0	-0.7071071	0.7071071	0	0.70710725	-0.70710725	0	-0.70710725	-0.70710725	0	0	0	0	-0.00839251	-0.029030146	-1.6612781e-09	NaN	NaN	NaN	2.0925795e-06	2.0625e-06
0	0	-0.20130607	0	-0.7071071	0.7071072	0	0.70710725	-0.70710725	0	-0.70710725	-0.70710725	0	0	0	0	-0.00839251	-0.029030146	-1.6612781e-09	NaN	NaN	NaN	2.0925795e-06	2.069681e-06
0	0	-0.2013061	0	-0.7071071	0.7071071	0	0.70710725	-0.70710725	0	-0.70710725	-0.70710725	0	0	0	0	-0.00839251	-0.029030146	-1.6612781e-09	NaN	NaN	NaN	2.0925795e-06	2.0768616e-06
0	0	-0.2013061	0	-0.7071071	0.7071071	0	0.70710725	-0.70710725	0	-0.70710725	-0.70710725	0	0	0	0	-0.00839251	-0.029030146	-1.6612781e-09	NaN	NaN	NaN	2.0925795e-06	2.0840425e-06
0	0	-0.20130606	0	-0.7071072	0.7071072	0	0.70710725	-0.70710725	0	-0.70710725	-0.70710725	0	0	0	0	-0.008392511	-0.029030146	-1.6612781e-09	NaN	NaN	NaN	2.0925795e-06	2.0912235e-06
0	0	-0.20130607	0	-0.7071071	0.7071072	0	0.70710725	-0.70710725	0	-0.70710725	-0.70710725	0	0	0	0	-0.00839251	-0.029030146	-1.6612781e-09	NaN	NaN	NaN	2.0925795e-06	2.0984044e-06
0	0	-0.20130607	0	-0.7071071	0.7071071	0	0.7071073	-0.70710725	0	-0.70710725	-0.7071072	0	0	0	0	-0.00839251	-0.029030146	-1.6612781e-09	NaN	NaN	NaN	2.0925795e-06	2.105585e-06
0	0	-0.20130607	0	-0.7071072	0.7071071	0	0.70710725	-0.70710725	0	-0.70710725	-0.70710725	0	0	0	0	-0.008392511	-0.029030146	-1.6612781e-09	NaN	NaN	NaN	2.0925795e-06	2.112766e-06
0	0	-0.20130607	0	-0.7071071	0.7071072	0	0.70710725	-0.70710725	0	-0.70710725	-0.70710725	0	0	0	0	-0.00839251	-0.029030146	-1.6612781e-09	NaN	NaN	NaN	2.0925795e-06	2.1199469e-06
0	0	-0.20130607	0	-0.7071071	0.7071071	0	0.70710725	-0.70710725	0	-0.70710725	-0.70710725	0	0	0	0	-0.00839251	-0.029030146	-1.6612781e-09	NaN	NaN	NaN	2.0925795e-06	2.1271276e-06
0	0	-0.20130607	0	-0.7071071	0.7071071	0	0.70710725	-0.70710725	0	-0.70710725	-0.70710725	0	0	0	0	-0.00839251	-0.029030146	-1.6612781e-09	NaN	NaN	NaN	2.0925795e-06	2.1343085e-06
0	0	-0.20130607	0	-0.7071071	0.7071071	0	0.70710725	-0.70710725	0	-0.70710725	-0.70710725	0	0	0	0	-0.00839251	-0.029030146	-1.6612781e-09	NaN	NaN	NaN	2.0925795e-06	2.1414894e-06
0	0	-0.2013061	0	-0.7071071	0.7071072	0	0.70710725	-0.70710725	0	-0.70710725	-0.70710725	0	0	0	0	-0.008392511	-0.029030146	-1.6612781e-09	NaN	NaN	NaN	2.0925795e-06	2.1486703e-06
0	0	-0.20130607	0	-0.7071071	0.7071071	0	0.70710725	-0.70710725	0	-0.70710725	-0.70710725	0	0	0	0	-0.00839251	-0.029030146	-1.6612781e-09	NaN	NaN	NaN	2.0925795e-06	2.155851e-06
0	0	-0.20130607	0	-0.7071071	0.7071071	0	0.70710725	-0.70710725	0	-0.70710725	-0.70710725	0	0	0	0	-0.008392511	-0.029030146	-1.6612781e-09	NaN	NaN	NaN	2.0925795e-06	2.163032e-06
0	0	-0.20130606	0	-0.7071071	0.7071071	0	0.70710725	-0.70710725	0	-0.70710725	-0.70710725	0	0	0	0	-0.00839251	-0.029030146	-1.6612781e-09	NaN	NaN	NaN	2.0925795e-06	2.1702128e-06
0	0	-0.20130606	0	-0.7071071	0.7071072	0	0.70710725	-0.70710725	0	-0.70710725	-0.70710725	0	0	0	0	-0.00839251	-0.029030146	-1.6612781e-09	NaN	NaN	NaN	2.0925795e-06	2.1773935e-06
0	0	-0.20130606	0	-0.7071072	0.7071071	0	0.70710725	-0.70710725	0	-0.70710725	-0.70710725	0	0	0	0	-0.00839251	-0.029030146	-1.6612781e-09	NaN	NaN	NaN	2.0925795e-06	2.1845744e-06
0	0	-0.2013061	0	-0.7071071	0.7071071	0	0.70710725	-0.70710725	0	-0.70710725	-0.70710725	0	0	0	0	-0.008392511	-0.029030146	-1.6612781e-09	NaN	NaN	NaN	2.0925795e-06	2.1917554e-06
0	0	-0.20130607	0	-0.7071071	0.7071071	0	0.70710725	-0.70710725	0	-0.70710725	-0.70710725	0	0	0	0	-0.00839251	-0.029030146	-1.6612781e-09	NaN	NaN	NaN	2.0925795e-06	2.1989363e-06
0	0	-0.20130607	0	-0.7071071	0.7071071	0	0.70710725	-0.70710725	0	-0.70710725	-0.70710725	0	0	0	0	-0.00839251	-0.029030146	-1.6612781e-09	NaN	NaN	NaN	2.0925795e-06	2.206117e-06
0	0	-0.20130606	0	-0.7071071	0.7071071	0	0.70710725	-0.70710725	0	-0.70710725	-0.70710725	0	0	0	0	-0.00839251	-0.029030146	-1.6612781e-09	NaN	NaN	NaN	2.0925795e-06	2.2132979e-06
0	0	-0.20130606	0	-0.7071072	0.7071071	0	0.70710725	-0.70710725	0	-0.70710725	-0.70710725	0	0	0	0	-0.008392511	-0.029030146	-1.6612781e-09	NaN	NaN	NaN	2.0925795e-06	2.2204788e-06
0	0	-0.2013061	0	-0.7071071	0.7071071	0	0.70710725	-0.70710725	0	-0.70710725	-0.70710725	0	0	0	0	-0.00839251	-0.029030146	-1.6612781e-09	NaN	NaN	NaN	2.0925795e-06	2.2276595e-06
0	0	-0.20130607	0	-0.7071071	0.7071072	0	0.70710725	-0.70710725	0	-0.70710725	-0.70710725	0	0	0	0	-0.008392511	-0.029030146	-1.6612781e-09	NaN	NaN	NaN	2.0925795e-06	2.2348404e-06
0	0	-0.20130607	0	-0.7071071	0.7071071	0	0.70710725	-0.70710725	0	-0.70710725	-0.70710725	0	0	0	0	-0.00839251	-0.029030146	-1.6612781e-09	NaN	NaN	NaN	2.0925795e-06	2.2420213e-06
0	0	-0.2013061	0	-0.7071071	0.7071071	0	0.70710725	-0.70710725	0	-0.70710725	-0.70710725	0	0	0	0	-0.00839251	-0.029030146	-1.6612781e-09	NaN	NaN	NaN	2.0925795e-06	2.2492022e-06
0	0	-0.20130607	0	-0.7071072	0.7071072	0	0.70710725	-0.70710725	0	-0.70710725	-0.70710725	0	0	0	0	-0.00839251	-0.029030146	-1.6612781e-09	NaN	NaN	NaN	2.0925795e-06	2.256383e-06
0	0	-0.20130607	0	-0.7071071	0.7071071	0	0.70710725	-0.70710725	0	-0.70710725	-0.70710725	0	0	0	0	-0.00839251	-0.029030146	-1.6612781e-09	NaN	NaN	NaN	2.0925795e-06	2.2635638e-06
0	0	-0.20130607	0	-0.7071071	0.7071071	0	0.70710725	-0.70710725	0	-0.70710725	-0.70710725	0	0	0	0	-0.008392511	-0.029030146	-1.6612781e-09	NaN	NaN	NaN	2.0925795e-06	2.2707447e-06
0	0	-0.20130607	0	-0.7071071	0.7071071	0	0.70710725	-0.70710725	0	-0.70710725	-0.70710725	0	0	0	0	-0.00839251	-0.029030146	-1.6612781e-09	NaN	NaN	NaN	2.0925795e-06	2.2779254e-06
0	0	-0.2013061	0	-0.7071072	0.7071071	0	0.7071073	-0.70710725	0	-0.70710725	-0.70710725	0	0	0	0	-0.00839251	-0.029030146	-1.6612781e-09	NaN	NaN	NaN	2.0925795e-06	2.2851063e-06
0	0	-0.20130607	0	-0.7071071	0.7071071	0	0.70710725	-0.70710725	0	-0.70710725	-0.70710725	0	0	0	0	-0.00839251	-0.029030146	-1.6612781e-09	NaN	NaN	NaN	2.0925795e-06	2.2922873e-06
0	0	-0.20130607	0	-0.7071071	0.7071071	0	0.70710725	-0.70710725	0	-0.70710725	-0.70710725	0	0	0	0	-0.00839251	-0.029030146	-1.6612781e-09	NaN	NaN	NaN	2.0925795e-06	2.2994682e-06
0	0	-0.20130606	0	-0.7071071	0.7071071	0	0.70710725	-0.70710725	0	-0.70710725	-0.70710725	0	0	0	0	-0.00839251	-0.029030146	-1.6612781e-09	NaN	NaN	NaN	2.0925795e-06	2.3066489e-06
0	0	-0.20130607	0	-0.7071071	0.7071071	0	0.70710725	-0.70710725	0	-0.70710725	-0.70710725	0	0	0	0	-0.00839251	-0.029030146	-1.6612781e-09	NaN	NaN	NaN	2.0925795e-06	2.3138298e-06
0	0	-0.20130606	0	-0.7071071	0.7071071	0	0.70710725	-0.70710725	0	-0.70710725	-0.70710725	0	0	0	0	-0.00839251	-0.029030146	-1.6612781e-09	NaN	NaN	NaN	2.0925795e-06	2.3210107e-06
0	0	-0.20130607	0	-0.7071072	0.7071071	0	0.70710725	-0.70710725	0	-0.70710725	-0.70710725	0	0	0	0	-0.00839251	-0.029030146	-1.6612781e-09	NaN	NaN	NaN	2.0925795e-06	2.3281914e-06
0	0	-0.20130606	0	-0.7071072	0.7071072	0	0.70710725	-0.70710725	0	-0.70710725	-0.70710725	0	0	0	0	-0.00839251	-0.029030146	-1.6612781e-09	NaN	NaN	NaN	2.0925795e-06	2.3353723e-06
0	0	-0.2013061	0	-0.7071071	0.7071072	0	0.70710725	-0.70710725	0	-0.70710725	-0.70710725	0	0	0	0	-0.00839251	-0.029030146	-1.6612781e-09	NaN	NaN	NaN	2.0925795e-06	2.3425532e-06
0	0	-0.20130607	0	-0.7071071	0.7071072	0	0.70710725	-0.70710725	0	-0.70710725	-0.70710725	0	0	0	0	-0.00839251	-0.029030146	-1.6612781e-09	NaN	NaN	NaN	2.0925795e-06	2.3497341e-06
0	0	-0.20130607	0	-0.7071071	0.7071071	0	0.70710725	-0.70710725	0	-0.70710725	-0.70710725	0	0	0	0	-0.00839251	-0.029030146	-1.6612781e-09	NaN	NaN	NaN	2.0925795e-06	2.3569148e-06
0	0	-0.20130607	0	-0.7071071	0.7071071	0	0.70710725	-0.70710725	0	-0.70710725	-0.70710725	0	0	0	0	-0.00839251	-0.029030146	-1.6612781e-09	NaN	NaN	NaN	2.0925795e-06	2.3640957e-06
0	0	-0.20130606	0	-0.7071071	0.7071071	0	0.70710725	-0.70710725	0	-0.70710725	-0.70710725	0	0	0	0	-0.00839251	-0.029030146	-1.6612781e-09	NaN	NaN	NaN	2.0925795e-06	2.3712767e-06
0	0	-0.20130607	0	-0.7071071	0.7071071	0	0.70710725	-0.70710725	0	-0.70710725	-0.70710725	0	0	0	0	-0.008392511	-0.029030146	-1.6612781e-09	NaN	NaN	NaN	2.0925795e-06	2.3784573e-06
0	0	-0.20130607	0	-0.7071071	0.7071071	0	0.70710725	-0.70710725	0	-0.7071072	-0.70710725	0	0	0	0	-0.00839251	-0.029030146	-1.6612781e-09	NaN	NaN	NaN	2.0925795e-06	2.3856383e-06
0	0	-0.2013061	0	-0.7071071	0.7071072	0	0.70710725	-0.70710725	0	-0.70710725	-0.70710725	0	0	0	0	-0.00839251	-0.029030146	-1.6612781e-09	NaN	NaN	NaN	2.0925795e-06	2.3928192e-06
