0.00011058858									 
0.00010411927									 
9.206921e-05									 
8.16503e-05									 
7.259453e-05									 
6.4689535e-05									 
5.7771926e-05									 
5.17053e-05									 
4.637852e-05									 
4.1708798e-05									 
3.763254e-05									 
3.4099874e-05									 
3.1065967e-05									 
2.8491828e-05									 
2.6349451e-05									 
2.4613288e-05									 
2.3259649e-05									 
2.2267302e-05									 
2.1617927e-05									 
2.1299033e-05									 
2.1298636e-05									 
2.1600845e-05									 
2.2194148e-05									 
2.3068244e-05									 
2.4205607e-05									 
2.5586794e-05									 
2.7189408e-05									 
2.8982135e-05									 
3.0917527e-05									 
3.292555e-05									 
3.4910983e-05									 
3.6733745e-05									 
3.8198188e-05									 
3.9046205e-05									 
3.8929407e-05									 
3.7397065e-05									 
3.3889348e-05									 
2.7733637e-05									 
1.8162269e-05									 
4.334211e-06									 
-1.4608398e-05									 
-3.9426937e-05									 
-7.0577924e-05									 
-0.00010776914									 
-0.00014923053									 
-0.00019100944									 
-0.00022728763									 
-0.00025243938									 
-0.0002637362									 
-0.00026232854									 
-0.00025180887									 
-0.00023608792									 
-0.00021816317									 
-0.00019991364									 
-0.00018235898									 
-0.00016598146									 
-0.00015095528									 
-0.00013728582									 
-0.0001249019									 
-0.00011369214									 
-0.00010353175									 
-9.430003e-05									 
-8.587897e-05									 
-7.8165416e-05									 
-7.106673e-05									 
-6.450002e-05									 
-5.8390844e-05									 
-5.2674666e-05									 
-4.729539e-05									 
-4.2205567e-05									 
-3.7360674e-05									 
-3.2722368e-05									 
-2.826259e-05									 
-2.3954948e-05									 
-1.977657e-05									 
-1.5708447e-05									 
-1.1738638e-05									 
-7.860284e-06									 
-4.072588e-06									 
-3.826503e-07									 
3.193976e-06									 
6.6337475e-06									 
9.903354e-06									 
1.2956187e-05									 
1.5727368e-05									 
1.8132276e-05									 
2.007294e-05									 
2.1431499e-05									 
2.2061457e-05									 
2.1791648e-05									 
2.0425972e-05									 
1.7741066e-05									 
1.3485935e-05									 
7.37602e-06									 
-9.063412e-07									 
-1.1717134e-05									 
-2.5459347e-05									 
-4.258949e-05									 
-6.3616346e-05									 
-8.90935e-05									 
-0.0001195862									 
-0.00015556735									 
-0.00019719232									 
-0.0002438689									 
-0.00029353666									 
