0.014100256	
0.00012538706	
-0.013567367	
-0.026513824	
-0.038328096	
-0.048776466	
-0.057776432	
-0.0653553	
-0.07160543	
-0.07664845	
-0.08061268	
-0.08362631	
-0.08581094	
-0.08727967	
-0.088136606	
-0.08847658	
-0.08838532	
-0.08793941	
-0.08720692	
-0.08624762	
-0.08511355	
-0.083849676	
-0.08249444	
-0.08108066	
-0.0796359	
-0.0781833	
-0.076742135	
-0.07532811	
-0.07395449	
-0.07263172	
-0.07136845	
-0.07017142	
-0.069046244	
-0.06799714	
-0.06702738	
-0.066139616	
-0.06533591	
-0.064617604	
-0.06398605	
-0.063442074	
-0.062986694	
-0.06262038	
-0.062343944	
-0.06215814	
-0.06206394	
-0.06206208	
-0.062153954	
-0.062340908	
-0.06262456	
-0.063006796	
-0.063489825	
-0.06407618	
-0.06476882	
-0.065570936	
-0.06648613	
-0.06751848	
-0.068672396	
-0.069952644	
-0.07136442	
-0.07291316	
-0.07460465	
-0.07644464	
-0.07843906	
-0.080593325	
-0.08291253	
-0.08540047	
-0.08805932	
-0.09088883	
-0.09388496	
-0.0970386	
-0.10033363	
-0.10374428	
-0.107232176	
-0.11074203	
-0.11419713	
-0.11749246	
-0.12048785	
-0.12299968	
-0.12479452	
-0.1255875	
-0.12505634	
-0.122878164	
-0.11879009	
-0.11266696	
-0.10455034	
-0.09461664	
-0.08312589	
-0.07039061	
-0.05680446	
-0.042901676	
-0.029332915	
-0.01670466	
-0.005453522	
0.0041890875	
0.012162723	
0.018517837	
0.023362039	
0.026827315	
0.029057492	
0.030192425	
0.030362276	
0.02968515	
0.028266413	
0.026198912	
0.023563853	
0.02043089	
0.016860079	
0.012901987	
0.008600054	
0.003991259	
-0.00089138123	
-0.006016681	
-0.011352739	
-0.016863098	
-0.02250262	
-0.02821215	
-0.033911742	
-0.039493397	
-0.04481301	
-0.049686722	
-0.053887356	
-0.057159804	
-0.059255797	
-0.05999304	
-0.059314545	
-0.057325374	
-0.054259602	
-0.05039572	
-0.045997556	
-0.04127694	
-0.036386307	
-0.031427372	
-0.026462322	
-0.021525282	
-0.01663041	
-0.01177913	
-0.006964082	
-0.0021729725	
0.0026095202	
0.007399283	
0.012211632	
0.017058607	
0.021947237	
0.026875794	
0.03182947	
0.03677375	
0.041645683	
0.046343137	
0.05071318	
0.054544102	
0.057572525	
0.05952135	
0.060158297	
0.059380803	
0.0572478	
0.05394314	
0.04971593	
0.044821337	
0.039486162	
0.033893973	
0.028188137	
0.022476222	
0.016837576	
0.011331011	
0.006001268	
0.0008845045	
-0.003987526	
-0.008583835	
-0.012871575	
-0.016813692	
-0.020366963	
-0.023480682	
-0.026095072	
-0.028140225	
-0.02953518	
-0.03018719	
-0.029990962	
-0.028828561	
-0.026570184	
-0.0230764	
-0.01820389	
-0.01182165	
-0.0038231036	
0.005840781	
0.017107572	
0.02974387	
0.04331115	
0.057201773	
0.070765324	
0.08346861	
0.094919585	
0.104807004	
0.11287268	
0.11894237	
0.122977406	
0.12510547	
0.12559162	
0.124759585	
0.122932106	
0.12039356	
0.117377	
0.114065	
0.11059728	
0.10707794	
0.10358337	
0.10016817	
0.09687044	
0.09371544	
0.09071902	
0.08789016	
0.08523262	
0.08274659	
0.08042969	
0.07827791	
0.07628635	
0.074449345	
0.07276101	
0.07121541	
0.06980689	
0.0685299	
0.06737926	
0.06635021	
0.065438256	
0.06463943	
0.06395009	
0.06336694	
0.06288714	
0.06250814	
0.06222775	
0.06204408	
0.061955497	
0.061960585	
0.062058203	
0.062247414	
0.06252729	
0.062897235	
0.06335636	
0.063904144	
0.06453968	
0.06526213	
0.066070214	
0.06696261	
0.067937195	
0.068991505	
0.070122205	
0.07132508	
0.07259468	
0.07392422	
0.075305186	
0.07672702	
0.07817678	
0.0796386	
0.081093386	
0.08251797	
0.08388487	
0.08516145	
0.08630923	
0.08728333	
0.088031776	
0.08849479	
0.08860439	
0.088283956	
0.08744768	
0.08600072	
0.083838835	
0.08084871	
0.07690839	
0.071889386	
0.06566278	
0.058106154	
0.049126074	
0.038694113	
0.026891308	
0.013949786	
0.00025431972	
-0.01373144	
