-0.09397613									 
-0.08890621									 
-0.07957969									 
-0.07171939									 
-0.06503779									 
-0.05930648									 
-0.0543422									 
-0.04999593									 
-0.046145298									 
-0.042689357									 
-0.039543666									 
-0.036637463									 
-0.033911385									 
-0.031314477									 
-0.028803742									 
-0.026342206									 
-0.023897799									 
-0.02144286									 
-0.018952442									 
-0.016404523									 
-0.013778832									 
-0.011056298									 
-0.008219218									 
-0.0052507226									 
-0.0021351322									 
0.001141671									 
0.004591407									 
0.008221895									 
0.012034984									 
0.016023286									 
0.020165822									 
0.024422195									 
0.02872471									 
0.03296888									 
0.037001975									 
0.04061032									 
0.04350651									 
0.04531742									 
0.04557498									 
0.043711685									 
0.039065506									 
0.030912133									 
0.018570429									 
0.0016583761									 
-0.019431086									 
-0.0429981									 
-0.0660182									 
-0.0851341									 
-0.0981736									 
-0.104911774									 
-0.106569275									 
-0.10481181									 
-0.1010762									 
-0.09637258									 
-0.09133778									 
-0.08634654									 
-0.08160693									 
-0.077225715									 
-0.07324937									 
-0.06968916									 
-0.066536486									 
-0.0637723									 
-0.06137267									 
-0.05931231									 
-0.057566628									 
-0.056112815									 
-0.05493042									 
-0.054001544									 
-0.05331081									 
-0.05284533									 
-0.05259443									 
-0.05254933									 
-0.052702896									 
-0.053049527									 
-0.053584624									 
-0.054304432									 
-0.055205703									 
-0.056284994									 
-0.057538636									 
-0.05896201									 
-0.06054884									 
-0.062290765									 
-0.064176284									 
-0.06619001									 
-0.068311736									 
-0.070515215									 
-0.07276712									 
-0.07502588									 
-0.07724039									 
-0.07934868									 
-0.08127648									 
-0.08293519									 
-0.08421948									 
-0.08500365									 
-0.085136354									 
-0.08443336									 
-0.08266757									 
-0.079556435									 
-0.07474802									 
-0.0678092									 
-0.05822494									 
-0.045425687									 
-0.028881213									 
-0.008328712									 
0.015786348									 
