-0.03310594	
-0.02592813	
-0.019748816	
-0.014892039	
-0.011401854	
-0.009123479	
-0.007824423	
-0.0072653834	
-0.007237592	
-0.0075724935	
-0.008137364	
-0.008829567	
-0.009570684	
-0.010301846	
-0.010980389	
-0.011577025	
-0.012073552	
-0.012460692	
-0.012736234	
-0.012903275	
-0.012968756	
-0.012942167	
-0.0128344875	
-0.01265739	
-0.01242256	
-0.012141289	
-0.011824128	
-0.011480717	
-0.011119677	
-0.010748608	
-0.010374081	
-0.010001714	
-0.009636242	
-0.009281618	
-0.008941106	
-0.0086173685	
-0.008312564	
-0.008028443	
-0.0077664144	
-0.007527609	
-0.007312974	
-0.0071232924	
-0.0069592735	
-0.006821575	
-0.0067108558	
-0.006627786	
-0.0065731457	
-0.0065477802	
-0.00655271	
-0.006589104	
-0.0066583464	
-0.0067620496	
-0.0069021084	
-0.00708073	
-0.0073005045	
-0.0075644148	
-0.0078759445	
-0.008239104	
-0.008658545	
-0.009139616	
-0.009688511	
-0.0103123505	
-0.011019346	
-0.011818937	
-0.012721948	
-0.013740758	
-0.014889424	
-0.016183795	
-0.01764154	
-0.019282006	
-0.021125898	
-0.023194585	
-0.025508903	
-0.028087275	
-0.030942645	
-0.034077875	
-0.0374785	
-0.041100346	
-0.044855166	
-0.048585687	
-0.052037857	
-0.054843504	
-0.05652728	
-0.056596644	
-0.054674823	
-0.050654285	
-0.04480637	
-0.037768807	
-0.03043417	
-0.023682777	
-0.018148877	
-0.01409083	
-0.0114627965	
-0.010066204	
-0.009645392	
-0.0099637145	
-0.010815222	
-0.0120333005	
-0.013491741	
-0.015098322	
-0.016788566	
-0.018520642	
-0.020271191	
-0.022032317	
-0.023809087	
-0.025617775	
-0.02748432	
-0.029443286	
-0.03153702	
-0.033815254	
-0.036334768	
-0.039159507	
-0.04236045	
-0.04601568	
-0.050209694	
-0.055032026	
-0.060573947	
-0.06692244	
-0.074149564	
-0.08229561	
-0.09134608	
-0.101201214	
-0.11164884	
-0.122364365	
-0.13293524	
-0.1429605	
-0.1521336	
-0.16029088	
-0.16738641	
-0.17345506	
-0.17857237	
-0.18282638	
-0.1863042	
-0.1890832	
-0.1912277	
-0.19278848	
-0.19380274	
-0.19429485	
-0.19427674	
-0.19374838	
-0.1926975	
-0.19109967	
-0.18891744	
-0.18610016	
-0.18258351	
-0.17829055	
-0.17313464	
-0.1670288	
-0.15989856	
-0.15171081	
-0.14251307	
-0.13247077	
-0.121891394	
-0.111176275	
-0.10073687	
-0.09089637	
-0.08186506	
-0.073741056	
-0.06653738	
-0.06021274	
-0.054694228	
-0.04989439	
-0.045721598	
-0.042086177	
-0.03890348	
-0.036095485	
-0.033591177	
-0.03132678	
-0.029245522	
-0.027297864	
-0.025441527	
-0.023642149	
-0.021873914	
-0.020120772	
-0.018377775	
-0.016653089	
-0.014970208	
-0.013371246	
-0.01192081	
-0.01071139	
-0.009869258	
-0.009561137	
-0.009992747	
-0.011400409	
-0.01403881	
-0.018104987	
-0.023642315	
-0.030389717	
-0.037710592	
-0.04472432	
-0.050540186	
-0.054524284	
-0.056409817	
-0.056308508	
-0.05459986	
-0.05177757	
-0.048316456	
-0.044583507	
-0.040831145	
-0.037215266	
-0.03382287	
-0.030697295	
-0.027852286	
-0.025284557	
-0.022980813	
-0.020922447	
-0.019088464	
-0.017457437	
-0.016008599	
-0.014722604	
-0.013581783	
-0.012570308	
-0.011674123	
-0.010880895	
-0.010179828	
-0.009561509	
-0.009017755	
-0.008541469	
-0.008126489	
-0.007767477	
-0.007459822	
-0.0071995133	
-0.0069831065	
-0.0068076267	
-0.00667051	
-0.006569556	
-0.006502891	
-0.006468896	
-0.0064662206	
-0.006493696	
-0.006550327	
-0.0066352612	
-0.0067477534	
-0.006887116	
-0.007052718	
-0.007243899	
-0.0074599776	
-0.007700167	
-0.00796354	
-0.008248964	
-0.008555055	
-0.0088800695	
-0.009221859	
-0.009577775	
-0.009944575	
-0.010318306	
-0.010694249	
-0.011066796	
-0.011429401	
-0.011774469	
-0.012093382	
-0.012376514	
-0.012613304	
-0.012792465	
-0.01290229	
-0.012931098	
-0.012867875	
-0.01270308	
-0.012429728	
-0.012044636	
-0.011549945	
-0.010954802	
-0.0102773225	
-0.009546642	
-0.008805333	
-0.00811207	
-0.0075452114	
-0.007207246	
-0.0072308998	
-0.007784755	
-0.009077877	
-0.011350102	
-0.014835037	
-0.019689098	
-0.025870448	
-0.033057183	
