# t (s)	mx ()	my ()	mz ()	m.region21x ()	m.region21y ()	m.region21z ()	m.region22x ()	m.region22y ()	m.region22z ()	m.region23x ()	m.region23y ()	m.region23z ()	B_extx (T)	B_exty (T)	B_extz (T)	B_eff.region6x (T)	B_eff.region6y (T)	B_eff.region6z (T)	B_eff.region9x (T)	B_eff.region9y (T)	B_eff.region9z (T)	step_x (No unit)	step_y (No unit)
0	0	-0.29731107	0	-0.707107	0.707107	0	0.70710737	-0.70710737	0	-0.70710737	-0.70710737	0	0	0	0	0.081679374	-0.046625715	-9.0027846e-10	NaN	NaN	NaN	0	1e-07
0	0	-0.29731107	0	-0.707107	0.707107	0	0.70710725	-0.7071073	0	-0.70710737	-0.7071073	0	0	0	0	0.079948686	-0.0496433	1.2728075e-09	NaN	NaN	NaN	7.692308e-09	1e-07
0	0	-0.29731107	0	-0.707107	0.707107	0	0.7071073	-0.70710737	0	-0.7071073	-0.70710725	0	0	0	0	0.07672001	-0.05217083	5.060186e-09	NaN	NaN	NaN	1.5384616e-08	1e-07
0	0	-0.29731107	0	-0.707107	0.707107	0	0.7071073	-0.7071073	0	-0.70710737	-0.7071073	0	0	0	0	0.07180751	-0.053867944	7.1401396e-09	NaN	NaN	NaN	2.3076923e-08	1e-07
0	0	-0.29731107	0	-0.707107	0.707107	0	0.70710737	-0.70710737	0	-0.70710737	-0.70710725	0	0	0	0	0.0651489	-0.054373905	6.550302e-09	NaN	NaN	NaN	3.0769232e-08	1e-07
0	0	-0.2973111	0	-0.707107	0.707107	0	0.7071073	-0.70710725	0	-0.70710737	-0.7071073	0	0	0	0	0.0568439	-0.05340871	4.5634807e-09	NaN	NaN	NaN	3.846154e-08	1e-07
0	0	-0.29731107	0	-0.707107	0.707107	0	0.7071073	-0.70710737	0	-0.70710737	-0.70710725	0	0	0	0	0.04712056	-0.05088218	2.7629237e-09	NaN	NaN	NaN	4.6153847e-08	1e-07
0	0	-0.29731107	0	-0.707107	0.707107	0	0.70710737	-0.70710725	0	-0.7071073	-0.70710725	0	0	0	0	0.036256894	-0.046945706	4.811833e-09	NaN	NaN	NaN	5.3846154e-08	1e-07
0	0	-0.29731107	0	-0.707107	0.707107	0	0.70710737	-0.70710737	0	-0.7071073	-0.70710725	0	0	0	0	0.024523715	-0.04195319	6.115685e-09	NaN	NaN	NaN	6.1538465e-08	1e-07
0	0	-0.29731107	0	-0.707107	0.707107	0	0.70710725	-0.70710737	0	-0.7071073	-0.70710725	0	0	0	0	0.012177194	-0.0363814	5.9915086e-09	NaN	NaN	NaN	6.923077e-08	1e-07
0	0	-0.29731107	0	-0.707107	0.707107	0	0.7071073	-0.70710737	0	-0.70710737	-0.7071073	0	0	0	0	-0.00051710254	-0.03073088	1.8005569e-09	NaN	NaN	NaN	7.692308e-08	1e-07
0	0	-0.29731107	0	-0.707107	0.707107	0	0.70710737	-0.70710725	0	-0.70710725	-0.7071073	0	0	0	0	-0.013268611	-0.025437335	1.5522043e-09	NaN	NaN	NaN	8.461539e-08	1e-07
0	0	-0.29731107	0	-0.707107	0.707107	0	0.70710737	-0.7071073	0	-0.70710737	-0.70710737	0	0	0	0	-0.025774812	-0.020812584	-1.4590721e-09	NaN	NaN	NaN	9.2307694e-08	1e-07
0	0	-0.29731107	0	-0.707107	0.707107	0	0.70710737	-0.70710737	0	-0.70710737	-0.70710725	0	0	0	0	-0.03775395	-0.017027117	-4.4703485e-09	NaN	NaN	NaN	1e-07	1e-07
0	0	-0.2973111	0	-0.707107	0.707107	0	0.7071073	-0.7071073	0	-0.70710737	-0.7071073	0	0	0	0	-0.04897515	-0.01412739	-3.4148495e-09	NaN	NaN	NaN	1.0769231e-07	1e-07
0	0	-0.29731107	0	-0.707107	0.707107	0	0.7071073	-0.70710737	0	-0.70710737	-0.70710737	0	0	0	0	-0.05927533	-0.0120703755	-6.2088173e-10	NaN	NaN	NaN	1.15384616e-07	1e-07
0	0	-0.29731107	0	-0.707107	0.707107	0	0.7071073	-0.7071073	0	-0.70710737	-0.70710725	0	0	0	0	-0.06855977	-0.0107593965	9.934108e-10	NaN	NaN	NaN	1.2307693e-07	1e-07
0	0	-0.29731107	0	-0.707107	0.707107	0	0.70710737	-0.70710737	0	-0.70710737	-0.70710737	0	0	0	0	-0.076793954	-0.010073314	1.8626452e-10	NaN	NaN	NaN	1.3076924e-07	1e-07
0	0	-0.29731107	0	-0.70710707	0.707107	0	0.70710737	-0.70710737	0	-0.70710737	-0.7071073	0	0	0	0	-0.08399011	-0.0098866625	2.1109978e-09	NaN	NaN	NaN	1.3846154e-07	1e-07
0	0	-0.29731107	0	-0.707107	0.707107	0	0.70710725	-0.70710737	0	-0.7071073	-0.70710737	0	0	0	0	-0.09019384	-0.01008176	5.122274e-09	NaN	NaN	NaN	1.4615385e-07	1e-07
0	0	-0.29731107	0	-0.707107	0.707107	0	0.7071073	-0.70710725	0	-0.70710737	-0.70710725	0	0	0	0	-0.09547206	-0.010554714	4.33065e-09	NaN	NaN	NaN	1.5384616e-07	1e-07
0	0	-0.29731107	0	-0.707107	0.707107	0	0.70710737	-0.7071073	0	-0.70710725	-0.70710725	0	0	0	0	-0.09990378	-0.011217553	7.1401396e-10	NaN	NaN	NaN	1.6153847e-07	1e-07
0	0	-0.2973111	0	-0.707107	0.707107	0	0.70710737	-0.70710737	0	-0.70710725	-0.70710737	0	0	0	0	-0.10357356	-0.011998071	-4.656613e-10	NaN	NaN	NaN	1.6923077e-07	1e-07
0	0	-0.29731107	0	-0.707107	0.707107	0	0.70710737	-0.70710725	0	-0.70710725	-0.70710737	0	0	0	0	-0.106566764	-0.012838602	-1.6763806e-09	NaN	NaN	NaN	1.7692308e-07	1e-07
0	0	-0.2973111	0	-0.707107	0.707107	0	0.70710725	-0.70710737	0	-0.70710725	-0.70710737	0	0	0	0	-0.10896644	-0.013694348	-1.7539908e-09	NaN	NaN	NaN	1.8461539e-07	1e-07
0	0	-0.29731107	0	-0.707107	0.707107	0	0.7071073	-0.7071073	0	-0.70710737	-0.70710737	0	0	0	0	-0.110851936	-0.014531628	-4.377216e-09	NaN	NaN	NaN	1.923077e-07	1e-07
0	0	-0.29731107	0	-0.707107	0.707107	0	0.7071073	-0.7071073	0	-0.70710737	-0.7071073	0	0	0	0	-0.112297416	-0.01532622	-4.2530397e-09	NaN	NaN	NaN	2e-07	1e-07
0	0	-0.29731107	0	-0.707107	0.707107	0	0.70710737	-0.70710737	0	-0.70710737	-0.7071073	0	0	0	0	-0.11337183	-0.016061852	-3.8649888e-09	NaN	NaN	NaN	2.0769231e-07	1e-07
0	0	-0.29731107	0	-0.707107	0.707107	0	0.7071073	-0.70710737	0	-0.70710737	-0.70710725	0	0	0	0	-0.1141381	-0.016728884	-1.7384688e-09	NaN	NaN	NaN	2.1538462e-07	1e-07
0	0	-0.2973111	0	-0.707107	0.707107	0	0.7071073	-0.70710737	0	-0.70710737	-0.7071073	0	0	0	0	-0.114653915	-0.017323088	-5.5258473e-09	NaN	NaN	NaN	2.2307692e-07	1e-07
0	0	-0.2973111	0	-0.707107	0.707107	0	0.70710737	-0.70710737	0	-0.70710737	-0.7071073	0	0	0	0	-0.11497118	-0.01784462	-3.259629e-09	NaN	NaN	NaN	2.3076923e-07	1e-07
0	0	-0.29731107	0	-0.707107	0.707107	0	0.70710737	-0.70710737	0	-0.70710737	-0.70710725	0	0	0	0	-0.115136825	-0.018297069	-4.9049658e-09	NaN	NaN	NaN	2.3846152e-07	1e-07
0	0	-0.29731107	0	-0.707107	0.707107	0	0.70710737	-0.70710737	0	-0.70710737	-0.7071073	0	0	0	0	-0.11519267	-0.018686693	-4.392738e-09	NaN	NaN	NaN	2.4615386e-07	1e-07
0	0	-0.29731107	0	-0.707107	0.707107	0	0.70710737	-0.7071073	0	-0.70710737	-0.70710725	0	0	0	0	-0.115176275	-0.0190217	-4.2142347e-09	NaN	NaN	NaN	2.5384617e-07	1e-07
0	0	-0.2973111	0	-0.707107	0.707107	0	0.7071073	-0.7071073	0	-0.7071073	-0.70710737	0	0	0	0	-0.115120746	-0.019311702	-4.1599075e-09	NaN	NaN	NaN	2.6153847e-07	1e-07
0	0	-0.29731107	0	-0.707107	0.707107	0	0.7071073	-0.7071073	0	-0.70710725	-0.7071073	0	0	0	0	-0.11505572	-0.01956724	-7.2953603e-09	NaN	NaN	NaN	2.6923078e-07	1e-07
0	0	-0.29731107	0	-0.707107	0.707107	0	0.70710737	-0.70710737	0	-0.70710737	-0.70710725	0	0	0	0	-0.11500723	-0.01979943	-4.206474e-09	NaN	NaN	NaN	2.769231e-07	1e-07
0	0	-0.29731107	0	-0.707107	0.707107	0	0.70710737	-0.7071073	0	-0.70710737	-0.7071073	0	0	0	0	-0.114998266	-0.020019686	-3.100528e-09	NaN	NaN	NaN	2.846154e-07	1e-07
0	0	-0.29731107	0	-0.707107	0.707107	0	0.7071073	-0.70710725	0	-0.7071073	-0.70710725	0	0	0	0	-0.11504922	-0.020239541	1.4590721e-09	NaN	NaN	NaN	2.923077e-07	1e-07
0	0	-0.2973111	0	-0.707107	0.707107	0	0.7071073	-0.70710737	0	-0.70710737	-0.7071073	0	0	0	0	-0.115178056	-0.020470517	1.1563922e-09	NaN	NaN	NaN	3e-07	1e-07
0	0	-0.29731107	0	-0.707107	0.707107	0	0.7071073	-0.7071073	0	-0.70710737	-0.7071073	0	0	0	0	-0.115400344	-0.020724082	2.803669e-09	NaN	NaN	NaN	3.0769232e-07	1e-07
0	0	-0.29731107	0	-0.707107	0.707107	0	0.7071073	-0.70710737	0	-0.7071073	-0.70710725	0	0	0	0	-0.115729906	-0.02101162	1.5522043e-10	NaN	NaN	NaN	3.1538463e-07	1e-07
0	0	-0.29731107	0	-0.707107	0.707107	0	0.7071073	-0.7071073	0	-0.70710737	-0.70710725	0	0	0	0	-0.116178624	-0.021344494	1.0428872e-09	NaN	NaN	NaN	3.2307693e-07	1e-07
0	0	-0.2973111	0	-0.707107	0.707107	0	0.70710737	-0.70710737	0	-0.7071073	-0.70710737	0	0	0	0	-0.11675675	-0.021734092	-2.5853902e-10	NaN	NaN	NaN	3.3076924e-07	1e-07
0	0	-0.29731107	0	-0.707107	0.707107	0	0.70710737	-0.7071073	0	-0.7071073	-0.70710737	0	0	0	0	-0.1174727	-0.022191921	-1.4107475e-09	NaN	NaN	NaN	3.3846155e-07	1e-07
0	0	-0.29731107	0	-0.707107	0.707107	0	0.70710737	-0.70710737	0	-0.70710737	-0.70710725	0	0	0	0	-0.118333235	-0.02272973	-3.0069107e-09	NaN	NaN	NaN	3.4615385e-07	1e-07
0	0	-0.2973111	0	-0.707107	0.707107	0	0.70710737	-0.70710737	0	-0.70710725	-0.7071073	0	0	0	0	-0.119343124	-0.023359621	5.4230137e-10	NaN	NaN	NaN	3.5384616e-07	1e-07
0	0	-0.29731107	0	-0.707107	0.707107	0	0.7071073	-0.70710737	0	-0.70710737	-0.70710737	0	0	0	0	-0.12050496	-0.024094153	5.1804816e-10	NaN	NaN	NaN	3.6153847e-07	1e-07
0	0	-0.29731107	0	-0.707107	0.707107	0	0.7071073	-0.7071073	0	-0.70710737	-0.7071073	0	0	0	0	-0.12181865	-0.02494643	1.6725001e-09	NaN	NaN	NaN	3.6923078e-07	1e-07
0	0	-0.29731107	0	-0.707107	0.707107	0	0.7071073	-0.7071073	0	-0.70710737	-0.70710725	0	0	0	0	-0.12328103	-0.02593016	-5.820766e-11	NaN	NaN	NaN	3.7692308e-07	1e-07
0	0	-0.29731107	0	-0.707107	0.707107	0	0.70710737	-0.7071073	0	-0.70710737	-0.70710725	0	0	0	0	-0.124884725	-0.027059568	-1.3892228e-09	NaN	NaN	NaN	3.846154e-07	1e-07
0	0	-0.29731107	0	-0.707107	0.707107	0	0.7071073	-0.70710725	0	-0.70710725	-0.70710725	0	0	0	0	-0.12661737	-0.028349245	-4.734223e-10	NaN	NaN	NaN	3.923077e-07	1e-07
0	0	-0.2973111	0	-0.707107	0.707107	0	0.70710737	-0.7071073	0	-0.70710737	-0.70710725	0	0	0	0	-0.12846021	-0.029813698	2.6465083e-09	NaN	NaN	NaN	4e-07	1e-07
0	0	-0.29731107	0	-0.707107	0.707107	0	0.70710737	-0.7071073	0	-0.70710737	-0.70710725	0	0	0	0	-0.13038638	-0.03146667	9.0803953e-10	NaN	NaN	NaN	4.076923e-07	1e-07
0	0	-0.29731107	0	-0.707107	0.707107	0	0.7071073	-0.70710737	0	-0.70710725	-0.70710737	0	0	0	0	-0.1323588	-0.033320025	2.4524829e-09	NaN	NaN	NaN	4.1538462e-07	1e-07
0	0	-0.2973111	0	-0.707107	0.707107	0	0.70710737	-0.70710725	0	-0.70710725	-0.70710725	0	0	0	0	-0.13432822	-0.03538201	9.934108e-10	NaN	NaN	NaN	4.2307693e-07	1e-07
0	0	-0.29731107	0	-0.707107	0.707107	0	0.70710737	-0.7071073	0	-0.7071073	-0.7071073	0	0	0	0	-0.13623007	-0.0376549	1.6841416e-09	NaN	NaN	NaN	4.3076923e-07	1e-07
0	0	-0.2973111	0	-0.707107	0.707107	0	0.7071073	-0.7071073	0	-0.70710725	-0.70710725	0	0	0	0	-0.13798179	-0.04013168	1.9402553e-10	NaN	NaN	NaN	4.3846154e-07	1e-07
0	0	-0.29731107	0	-0.707107	0.707107	0	0.7071073	-0.70710737	0	-0.70710737	-0.70710725	0	0	0	0	-0.13947923	-0.042791504	1.4901161e-09	NaN	NaN	NaN	4.4615385e-07	1e-07
0	0	-0.29731107	0	-0.707107	0.707107	0	0.7071073	-0.7071073	0	-0.70710737	-0.70710737	0	0	0	0	-0.14059393	-0.045593724	6.2088175e-11	NaN	NaN	NaN	4.5384616e-07	1e-07
0	0	-0.29731107	0	-0.707107	0.707107	0	0.7071073	-0.7071073	0	-0.70710737	-0.7071073	0	0	0	0	-0.14117005	-0.04846991	2.0178656e-10	NaN	NaN	NaN	4.6153846e-07	1e-07
0	0	-0.29731107	0	-0.707107	0.707107	0	0.7071073	-0.70710725	0	-0.70710737	-0.7071073	0	0	0	0	-0.14102465	-0.051313836	-1.2572855e-09	NaN	NaN	NaN	4.6923077e-07	1e-07
0	0	-0.29731107	0	-0.707107	0.707107	0	0.7071073	-0.70710737	0	-0.7071073	-0.70710737	0	0	0	0	-0.1399518	-0.053970017	-4.656613e-11	NaN	NaN	NaN	4.7692305e-07	1e-07
0	0	-0.2973111	0	-0.707107	0.707107	0	0.7071073	-0.70710737	0	-0.70710737	-0.7071073	0	0	0	0	-0.13773672	-0.05622459	5.5879357e-10	NaN	NaN	NaN	4.846154e-07	1e-07
0	0	-0.29731107	0	-0.707107	0.707107	0	0.70710737	-0.7071073	0	-0.70710737	-0.70710737	0	0	0	0	-0.13418087	-0.057806257	-3.259629e-10	NaN	NaN	NaN	4.923077e-07	1e-07
0	0	-0.29731107	0	-0.707107	0.707107	0	0.7071073	-0.70710737	0	-0.70710737	-0.70710737	0	0	0	0	-0.12913649	-0.058409367	-2.483527e-09	NaN	NaN	NaN	5e-07	1e-07
0	0	-0.2973111	0	-0.707107	0.707107	0	0.7071073	-0.70710737	0	-0.70710725	-0.7071073	0	0	0	0	-0.12253829	-0.057747595	-6.7055224e-09	NaN	NaN	NaN	5.0769233e-07	1e-07
0	0	-0.2973111	0	-0.707107	0.707107	0	0.7071073	-0.7071073	0	-0.70710737	-0.70710737	0	0	0	0	-0.11441509	-0.055632785	-6.922831e-09	NaN	NaN	NaN	5.153846e-07	1e-07
0	0	-0.29731107	0	-0.707107	0.707107	0	0.70710737	-0.7071073	0	-0.70710737	-0.7071073	0	0	0	0	-0.10487618	-0.052053846	-6.61239e-09	NaN	NaN	NaN	5.2307695e-07	1e-07
0	0	-0.29731107	0	-0.707107	0.707107	0	0.7071073	-0.70710737	0	-0.70710737	-0.70710737	0	0	0	0	-0.09408795	-0.047223054	-4.811833e-09	NaN	NaN	NaN	5.307692e-07	1e-07
0	0	-0.29731107	0	-0.707107	0.707107	0	0.70710737	-0.70710737	0	-0.70710737	-0.70710737	0	0	0	0	-0.08226983	-0.041564103	-2.7629237e-09	NaN	NaN	NaN	5.3846156e-07	1e-07
0	0	-0.29731107	0	-0.707107	0.707107	0	0.70710737	-0.7071073	0	-0.70710737	-0.7071073	0	0	0	0	-0.06971466	-0.0356321	-3.228585e-09	NaN	NaN	NaN	5.4615384e-07	1e-07
0	0	-0.29731107	0	-0.707107	0.707107	0	0.70710737	-0.70710737	0	-0.70710737	-0.7071073	0	0	0	0	-0.056809902	-0.029980196	-5.09123e-09	NaN	NaN	NaN	5.538462e-07	1e-07
0	0	-0.29731107	0	-0.707107	0.707107	0	0.70710737	-0.70710737	0	-0.70710737	-0.7071073	0	0	0	0	-0.044001754	-0.025026906	-4.2219956e-09	NaN	NaN	NaN	5.6153846e-07	1e-07
0	0	-0.29731107	0	-0.707107	0.707107	0	0.70710737	-0.70710725	0	-0.70710737	-0.70710725	0	0	0	0	-0.031712826	-0.020991858	-2.1420419e-09	NaN	NaN	NaN	5.692308e-07	1e-07
0	0	-0.29731107	0	-0.707107	0.707107	0	0.70710737	-0.70710737	0	-0.70710737	-0.70710725	0	0	0	0	-0.020274198	-0.017923597	-1.2417635e-09	NaN	NaN	NaN	5.7692307e-07	1e-07
0	0	-0.29731107	0	-0.707107	0.707107	0	0.70710737	-0.70710737	0	-0.70710737	-0.70710725	0	0	0	0	-0.009899159	-0.015757862	-2.3283064e-09	NaN	NaN	NaN	5.846154e-07	1e-07
0	0	-0.29731107	0	-0.707107	0.707107	0	0.70710725	-0.70710737	0	-0.70710737	-0.7071073	0	0	0	0	-0.0006952264	-0.014376243	-7.1401396e-10	NaN	NaN	NaN	5.923077e-07	1e-07
0	0	-0.29731107	0	-0.707107	0.707107	0	0.7071073	-0.7071073	0	-0.70710725	-0.70710737	0	0	0	0	0.007308851	-0.013644715	-6.519258e-10	NaN	NaN	NaN	6e-07	1e-07
0	0	-0.2973111	0	-0.707107	0.707107	0	0.7071073	-0.70710737	0	-0.70710737	-0.7071073	0	0	0	0	0.014136356	-0.013433824	4.0357312e-10	NaN	NaN	NaN	6.076923e-07	1e-07
0	0	-0.2973111	0	-0.707107	0.707107	0	0.70710737	-0.70710737	0	-0.70710737	-0.7071073	0	0	0	0	0.019841973	-0.013627625	-2.4214386e-09	NaN	NaN	NaN	6.1538464e-07	1e-07
0	0	-0.2973111	0	-0.707107	0.707107	0	0.7071073	-0.7071073	0	-0.70710725	-0.70710737	0	0	0	0	0.024497295	-0.014126103	-2.3283064e-09	NaN	NaN	NaN	6.230769e-07	1e-07
0	0	-0.29731107	0	-0.707107	0.707107	0	0.70710725	-0.70710737	0	-0.70710737	-0.70710725	0	0	0	0	0.028181871	-0.014845017	-4.377216e-09	NaN	NaN	NaN	6.3076925e-07	1e-07
0	0	-0.29731107	0	-0.707107	0.707107	0	0.70710737	-0.7071073	0	-0.70710725	-0.7071073	0	0	0	0	0.030977793	-0.015714625	-2.3903945e-09	NaN	NaN	NaN	6.3846153e-07	1e-07
0	0	-0.29731107	0	-0.707107	0.707107	0	0.7071073	-0.70710737	0	-0.70710737	-0.70710737	0	0	0	0	0.032966543	-0.01667825	-3.259629e-09	NaN	NaN	NaN	6.4615386e-07	1e-07
0	0	-0.29731107	0	-0.707107	0.707107	0	0.7071073	-0.7071073	0	-0.70710737	-0.7071073	0	0	0	0	0.034226887	-0.017690958	-4.0357312e-10	NaN	NaN	NaN	6.5384614e-07	1e-07
0	0	-0.29731107	0	-0.707107	0.707107	0	0.70710737	-0.70710737	0	-0.70710737	-0.7071073	0	0	0	0	0.034833774	-0.018718278	-4.967054e-10	NaN	NaN	NaN	6.615385e-07	1e-07
0	0	-0.29731107	0	-0.707107	0.707107	0	0.7071073	-0.7071073	0	-0.70710737	-0.7071073	0	0	0	0	0.034857407	-0.01973509	2.188608e-09	NaN	NaN	NaN	6.6923076e-07	1e-07
0	0	-0.29731107	0	-0.707107	0.707107	0	0.70710737	-0.70710737	0	-0.70710737	-0.70710737	0	0	0	0	0.034362953	-0.020724503	-1.9402553e-09	NaN	NaN	NaN	6.769231e-07	1e-07
0	0	-0.29731107	0	-0.707107	0.707107	0	0.70710737	-0.7071073	0	-0.70710737	-0.70710725	0	0	0	0	0.033409823	-0.021676827	5.898376e-10	NaN	NaN	NaN	6.846154e-07	1e-07
0	0	-0.29731107	0	-0.707107	0.707107	0	0.70710737	-0.70710737	0	-0.70710725	-0.70710737	0	0	0	0	0.032052122	-0.022588592	3.5700698e-10	NaN	NaN	NaN	6.923077e-07	1e-07
0	0	-0.29731107	0	-0.707107	0.707107	0	0.70710737	-0.70710737	0	-0.70710725	-0.7071073	0	0	0	0	0.030337967	-0.023461591	2.468005e-09	NaN	NaN	NaN	7e-07	1e-07
0	0	-0.29731107	0	-0.707107	0.707107	0	0.7071073	-0.70710737	0	-0.7071073	-0.7071073	0	0	0	0	0.028309928	-0.024302056	-1.9402553e-09	NaN	NaN	NaN	7.076923e-07	1e-07
0	0	-0.29731107	0	-0.707107	0.707107	0	0.7071073	-0.7071073	0	-0.70710737	-0.70710737	0	0	0	0	0.02600535	-0.025119876	-1.5677263e-09	NaN	NaN	NaN	7.153846e-07	1e-07
0	0	-0.2973111	0	-0.707107	0.707107	0	0.70710737	-0.7071073	0	-0.70710737	-0.7071073	0	0	0	0	0.023456346	-0.025927965	-3.3838055e-09	NaN	NaN	NaN	7.2307694e-07	1e-07
0	0	-0.29731107	0	-0.707107	0.707107	0	0.70710737	-0.7071073	0	-0.70710737	-0.7071073	0	0	0	0	0.02069024	-0.026741767	-3.1199305e-09	NaN	NaN	NaN	7.307692e-07	1e-07
0	0	-0.29731107	0	-0.707107	0.707107	0	0.7071073	-0.70710737	0	-0.70710725	-0.70710725	0	0	0	0	0.01773004	-0.027578788	-3.7873784e-09	NaN	NaN	NaN	7.3846155e-07	1e-07
0	0	-0.29731107	0	-0.707107	0.707107	0	0.70710737	-0.7071073	0	-0.70710737	-0.7071073	0	0	0	0	0.0145946955	-0.028458375	-4.4237822e-10	NaN	NaN	NaN	7.4615383e-07	1e-07
0	0	-0.2973111	0	-0.707107	0.707107	0	0.70710725	-0.70710737	0	-0.70710725	-0.70710725	0	0	0	0	0.011299866	-0.029401513	-6.907309e-10	NaN	NaN	NaN	7.5384617e-07	1e-07
0	0	-0.29731107	0	-0.707107	0.707107	0	0.70710737	-0.70710737	0	-0.70710737	-0.7071073	0	0	0	0	0.0078578	-0.030430792	1.0710209e-09	NaN	NaN	NaN	7.6153844e-07	1e-07
0	0	-0.29731107	0	-0.707107	0.707107	0	0.70710737	-0.70710737	0	-0.70710737	-0.7071073	0	0	0	0	0.0042786063	-0.03157044	5.743156e-10	NaN	NaN	NaN	7.692308e-07	1e-07
0	0	-0.29731107	0	-0.707107	0.707107	0	0.7071073	-0.70710737	0	-0.70710725	-0.7071073	0	0	0	0	0.0005700683	-0.032846432	1.8859283e-09	NaN	NaN	NaN	7.7692306e-07	1e-07
0	0	-0.29731107	0	-0.707107	0.707107	0	0.7071073	-0.70710737	0	-0.70710725	-0.70710725	0	0	0	0	-0.0032612379	-0.034286737	3.0811256e-09	NaN	NaN	NaN	7.846154e-07	1e-07
0	0	-0.29731107	0	-0.707107	0.707107	0	0.70710737	-0.70710737	0	-0.7071073	-0.70710725	0	0	0	0	-0.007209653	-0.035921533	2.0489097e-09	NaN	NaN	NaN	7.923077e-07	1e-07
0	0	-0.29731107	0	-0.707107	0.707107	0	0.7071073	-0.7071073	0	-0.70710725	-0.70710737	0	0	0	0	-0.011269497	-0.03778351	6.131207e-10	NaN	NaN	NaN	8e-07	1e-07
0	0	-0.2973111	0	-0.707107	0.707107	0	0.70710725	-0.70710725	0	-0.70710737	-0.7071073	0	0	0	0	-0.015434105	-0.039908163	-3.7252904e-10	NaN	NaN	NaN	8.076923e-07	1e-07
0	0	-0.29731107	0	-0.707107	0.707107	0	0.70710737	-0.7071073	0	-0.70710725	-0.7071073	0	0	0	0	-0.019694848	-0.04233398	7.683411e-10	NaN	NaN	NaN	8.153846e-07	1e-07
0	0	-0.29731107	0	-0.707107	0.707107	0	0.70710737	-0.7071073	0	-0.70710725	-0.7071073	0	0	0	0	-0.024039906	-0.045102667	1.9247333e-09	NaN	NaN	NaN	8.230769e-07	1e-07
0	0	-0.2973111	0	-0.707107	0.707107	0	0.70710725	-0.70710737	0	-0.70710725	-0.70710737	0	0	0	0	-0.028452488	-0.04825895	1.4901161e-09	NaN	NaN	NaN	8.3076924e-07	1e-07
0	0	-0.29731107	0	-0.707107	0.707107	0	0.7071073	-0.70710725	0	-0.70710737	-0.70710737	0	0	0	0	-0.032908905	-0.051850244	6.829699e-10	NaN	NaN	NaN	8.384615e-07	1e-07
0	0	-0.29731107	0	-0.707107	0.707107	0	0.7071073	-0.70710737	0	-0.70710725	-0.7071073	0	0	0	0	-0.037376344	-0.05592559	1.5754874e-09	NaN	NaN	NaN	8.4615385e-07	1e-07
0	0	-0.29731107	0	-0.707107	0.707107	0	0.70710737	-0.70710737	0	-0.70710737	-0.7071073	0	0	0	0	-0.041810486	-0.060533963	1.2883296e-09	NaN	NaN	NaN	8.5384613e-07	1e-07
0	0	-0.29731107	0	-0.707107	0.707107	0	0.70710737	-0.7071073	0	-0.70710737	-0.70710725	0	0	0	0	-0.046152472	-0.065721326	1.0554989e-09	NaN	NaN	NaN	8.6153847e-07	1e-07
0	0	-0.29731107	0	-0.707107	0.707107	0	0.7071073	-0.70710737	0	-0.70710737	-0.7071073	0	0	0	0	-0.05032642	-0.071526274	1.2805685e-09	NaN	NaN	NaN	8.6923075e-07	1e-07
0	0	-0.29731107	0	-0.707107	0.707107	0	0.7071073	-0.7071073	0	-0.70710725	-0.7071073	0	0	0	0	-0.054237913	-0.07797374	1.4202669e-09	NaN	NaN	NaN	8.769231e-07	1e-07
0	0	-0.29731107	0	-0.707107	0.707107	0	0.7071073	-0.70710737	0	-0.70710737	-0.70710737	0	0	0	0	-0.05777401	-0.08506696	1.6608586e-09	NaN	NaN	NaN	8.8461536e-07	1e-07
0	0	-0.2973111	0	-0.707107	0.707107	0	0.70710737	-0.70710737	0	-0.7071073	-0.7071073	0	0	0	0	-0.06080671	-0.09277783	-3.5700698e-10	NaN	NaN	NaN	8.923077e-07	1e-07
0	0	-0.29731107	0	-0.707107	0.707107	0	0.70710737	-0.7071073	0	-0.7071073	-0.70710725	0	0	0	0	-0.06320141	-0.1010376	1.0399769e-09	NaN	NaN	NaN	9e-07	1e-07
0	0	-0.2973111	0	-0.707107	0.707107	0	0.7071073	-0.70710737	0	-0.70710737	-0.70710725	0	0	0	0	-0.064830765	-0.10973072	-1.3038516e-09	NaN	NaN	NaN	9.076923e-07	1e-07
0	0	-0.29731107	0	-0.70710707	0.707107	0	0.7071073	-0.7071073	0	-0.7071073	-0.70710725	0	0	0	0	-0.06559305	-0.11869599	-2.0799538e-09	NaN	NaN	NaN	9.153846e-07	1e-07
0	0	-0.29731107	0	-0.707107	0.707107	0	0.70710737	-0.7071073	0	-0.70710737	-0.70710725	0	0	0	0	-0.065430194	-0.12773785	-4.4858703e-09	NaN	NaN	NaN	9.230769e-07	1e-07
0	0	-0.29731107	0	-0.707107	0.707107	0	0.70710737	-0.7071073	0	-0.7071073	-0.7071073	0	0	0	0	-0.064339645	-0.13664769	-5.448237e-09	NaN	NaN	NaN	9.307692e-07	1e-07
0	0	-0.2973111	0	-0.707107	0.707107	0	0.7071073	-0.70710737	0	-0.7071073	-0.7071073	0	0	0	0	-0.062374093	-0.14522882	-7.450581e-09	NaN	NaN	NaN	9.3846154e-07	1e-07
0	0	-0.29731107	0	-0.707107	0.707107	0	0.7071073	-0.70710737	0	-0.70710737	-0.7071073	0	0	0	0	-0.05963	-0.15331782	-6.5658243e-09	NaN	NaN	NaN	9.461538e-07	1e-07
0	0	-0.2973111	0	-0.707107	0.707107	0	0.7071073	-0.70710737	0	-0.70710737	-0.7071073	0	0	0	0	-0.056229163	-0.16079563	-6.6589565e-09	NaN	NaN	NaN	9.538461e-07	1e-07
0	0	-0.2973111	0	-0.707107	0.707107	0	0.7071073	-0.7071073	0	-0.70710737	-0.7071073	0	0	0	0	-0.052300535	-0.16758886	-3.9115546e-09	NaN	NaN	NaN	9.615385e-07	1e-07
0	0	-0.29731107	0	-0.707107	0.707107	0	0.7071073	-0.70710737	0	-0.70710737	-0.7071073	0	0	0	0	-0.047966067	-0.1736633	-5.789722e-09	NaN	NaN	NaN	9.692308e-07	1e-07
0	0	-0.29731107	0	-0.707107	0.707107	0	0.70710725	-0.70710737	0	-0.70710725	-0.7071073	0	0	0	0	-0.043332543	-0.17901464	-5.432715e-09	NaN	NaN	NaN	9.76923e-07	1e-07
0	0	-0.29731107	0	-0.707107	0.707107	0	0.7071073	-0.70710737	0	-0.70710725	-0.70710737	0	0	0	0	-0.038487792	-0.18365866	-6.193295e-09	NaN	NaN	NaN	9.846154e-07	1e-07
0	0	-0.29731107	0	-0.707107	0.707107	0	0.70710737	-0.70710737	0	-0.70710725	-0.70710725	0	0	0	0	-0.03350061	-0.18762296	-4.4703485e-09	NaN	NaN	NaN	9.923077e-07	1e-07
0	0	-0.29731107	0	-0.707107	0.707107	0	0.7071073	-0.70710725	0	-0.70710737	-0.70710737	0	0	0	0	-0.028422605	-0.19094047	-2.0178657e-09	NaN	NaN	NaN	1e-06	1e-07
0	0	-0.2973111	0	-0.707107	0.707107	0	0.7071073	-0.70710737	0	-0.70710737	-0.70710725	0	0	0	0	-0.023290472	-0.1936449	-1.2728075e-09	NaN	NaN	NaN	1.0076923e-06	1e-07
0	0	-0.29731107	0	-0.707107	0.707107	0	0.70710737	-0.7071073	0	-0.70710737	-0.70710725	0	0	0	0	-0.018128974	-0.19576737	-1.2417635e-09	NaN	NaN	NaN	1.0153847e-06	1e-07
0	0	-0.29731107	0	-0.707107	0.707107	0	0.70710737	-0.7071073	0	-0.70710737	-0.70710725	0	0	0	0	-0.012953671	-0.1973347	-4.40826e-09	NaN	NaN	NaN	1.023077e-06	1e-07
0	0	-0.29731107	0	-0.707107	0.707107	0	0.7071073	-0.70710725	0	-0.70710737	-0.70710737	0	0	0	0	-0.007773031	-0.19836766	-4.9049658e-09	NaN	NaN	NaN	1.0307692e-06	1e-07
0	0	-0.29731107	0	-0.707107	0.707107	0	0.70710737	-0.7071073	0	-0.7071073	-0.7071073	0	0	0	0	-0.0025910635	-0.19888054	-6.239861e-09	NaN	NaN	NaN	1.0384615e-06	1e-07
0	0	-0.29731107	0	-0.707107	0.707107	0	0.7071073	-0.70710737	0	-0.7071073	-0.7071073	0	0	0	0	NaN	NaN	NaN	NaN	NaN	NaN	1.0461539e-06	1e-07
0	0	-0.29731107	0	-0.707107	0.707107	0	0.70710737	-0.70710737	0	-0.70710737	-0.70710725	0	0	0	0	0.0025910577	-0.19888052	-4.33065e-09	NaN	NaN	NaN	1.0538462e-06	1e-07
0	0	-0.29731107	0	-0.707107	0.707107	0	0.7071073	-0.70710737	0	-0.70710725	-0.7071073	0	0	0	0	0.007773025	-0.19836767	-3.6321581e-09	NaN	NaN	NaN	1.0615385e-06	1e-07
0	0	-0.29731107	0	-0.707107	0.707107	0	0.70710737	-0.7071073	0	-0.70710725	-0.70710737	0	0	0	0	0.012953653	-0.19733468	-4.998098e-09	NaN	NaN	NaN	1.0692307e-06	1e-07
0	0	-0.29731107	0	-0.707107	0.707107	0	0.70710737	-0.7071073	0	-0.70710737	-0.7071073	0	0	0	0	0.01812899	-0.1957674	-7.466102e-09	NaN	NaN	NaN	1.0769231e-06	1e-07
0	0	-0.2973111	0	-0.707107	0.707107	0	0.70710737	-0.70710737	0	-0.70710725	-0.7071073	0	0	0	0	0.023290474	-0.19364487	-5.7742e-09	NaN	NaN	NaN	1.0846154e-06	1e-07
0	0	-0.29731107	0	-0.707107	0.707107	0	0.70710737	-0.70710737	0	-0.70710737	-0.70710725	0	0	0	0	0.028422581	-0.19094051	-6.922831e-09	NaN	NaN	NaN	1.0923077e-06	1e-07
0	0	-0.29731107	0	-0.707107	0.707107	0	0.70710737	-0.70710737	0	-0.70710725	-0.70710737	0	0	0	0	0.033500604	-0.18762296	-5.401671e-09	NaN	NaN	NaN	1.1e-06	1e-07
0	0	-0.29731107	0	-0.707107	0.707107	0	0.70710737	-0.70710725	0	-0.70710737	-0.70710725	0	0	0	0	0.03848778	-0.1836587	-4.377216e-09	NaN	NaN	NaN	1.1076924e-06	1e-07
0	0	-0.29731107	0	-0.707107	0.707107	0	0.70710737	-0.70710737	0	-0.70710725	-0.7071073	0	0	0	0	0.043332543	-0.17901464	-1.7695129e-09	NaN	NaN	NaN	1.1153846e-06	1e-07
0	0	-0.2973111	0	-0.707107	0.707107	0	0.70710737	-0.7071073	0	-0.70710737	-0.7071073	0	0	0	0	0.047966097	-0.17366332	-2.6542692e-09	NaN	NaN	NaN	1.1230769e-06	1e-07
0	0	-0.29731107	0	-0.707107	0.707107	0	0.70710737	-0.70710737	0	-0.70710725	-0.7071073	0	0	0	0	0.052300524	-0.16758884	6.829699e-10	NaN	NaN	NaN	1.1307692e-06	1e-07
0	0	-0.29731107	0	-0.707107	0.707107	0	0.7071073	-0.70710737	0	-0.70710725	-0.70710737	0	0	0	0	0.056229148	-0.16079566	-1.5832484e-09	NaN	NaN	NaN	1.1384616e-06	1e-07
0	0	-0.29731107	0	-0.707107	0.707107	0	0.70710737	-0.70710737	0	-0.7071073	-0.70710725	0	0	0	0	0.05963001	-0.1533178	3.5700698e-10	NaN	NaN	NaN	1.1461539e-06	1e-07
0	0	-0.29731107	0	-0.707107	0.707107	0	0.70710737	-0.70710737	0	-0.70710737	-0.70710737	0	0	0	0	0.06237408	-0.14522885	-1.8936892e-09	NaN	NaN	NaN	1.1538461e-06	1e-07
0	0	-0.29731107	0	-0.707107	0.707107	0	0.7071073	-0.7071073	0	-0.70710737	-0.70710737	0	0	0	0	0.06433963	-0.13664769	-1.7074248e-10	NaN	NaN	NaN	1.1615384e-06	1e-07
0	0	-0.29731107	0	-0.707107	0.707107	0	0.7071073	-0.70710737	0	-0.70710725	-0.70710737	0	0	0	0	0.06543019	-0.12773785	-1.3348956e-09	NaN	NaN	NaN	1.1692308e-06	1e-07
0	0	-0.29731107	0	-0.707107	0.707107	0	0.70710737	-0.70710725	0	-0.7071073	-0.70710737	0	0	0	0	0.065593034	-0.11869598	5.432715e-10	NaN	NaN	NaN	1.1769231e-06	1e-07
0	0	-0.29731107	0	-0.707107	0.707107	0	0.70710737	-0.70710725	0	-0.70710737	-0.70710725	0	0	0	0	0.064830765	-0.10973073	-2.4369606e-09	NaN	NaN	NaN	1.1846154e-06	1e-07
0	0	-0.29731107	0	-0.707107	0.707107	0	0.70710737	-0.7071073	0	-0.7071073	-0.7071073	0	0	0	0	0.063201405	-0.1010376	4.656613e-10	NaN	NaN	NaN	1.1923076e-06	1e-07
0	0	-0.29731107	0	-0.707107	0.707107	0	0.7071073	-0.70710737	0	-0.70710737	-0.7071073	0	0	0	0	0.060806684	-0.09277783	-3.1820189e-09	NaN	NaN	NaN	1.2e-06	1e-07
0	0	-0.29731107	0	-0.707107	0.707107	0	0.7071073	-0.70710725	0	-0.70710725	-0.7071073	0	0	0	0	0.05777402	-0.08506695	-4.656613e-10	NaN	NaN	NaN	1.2076923e-06	1e-07
0	0	-0.2973111	0	-0.707107	0.707107	0	0.70710737	-0.70710725	0	-0.70710737	-0.70710737	0	0	0	0	0.05423794	-0.077973746	-1.6298145e-10	NaN	NaN	NaN	1.2153846e-06	1e-07
0	0	-0.29731107	0	-0.707107	0.707107	0	0.70710737	-0.70710725	0	-0.70710737	-0.7071073	0	0	0	0	0.0503264	-0.07152626	2.2817404e-09	NaN	NaN	NaN	1.2230769e-06	1e-07
0	0	-0.29731107	0	-0.707107	0.707107	0	0.7071073	-0.7071073	0	-0.70710737	-0.70710725	0	0	0	0	0.04615246	-0.065721326	1.9324944e-09	NaN	NaN	NaN	1.2307693e-06	1e-07
0	0	-0.29731107	0	-0.70710707	0.707107	0	0.7071073	-0.70710737	0	-0.70710737	-0.70710737	0	0	0	0	0.041810527	-0.06053396	2.1265198e-09	NaN	NaN	NaN	1.2384616e-06	1e-07
0	0	-0.29731107	0	-0.707107	0.707107	0	0.7071073	-0.7071073	0	-0.70710737	-0.7071073	0	0	0	0	0.03737636	-0.0559256	1.5366822e-09	NaN	NaN	NaN	1.2461538e-06	1e-07
0	0	-0.2973111	0	-0.707107	0.707107	0	0.70710737	-0.70710725	0	-0.70710737	-0.70710725	0	0	0	0	0.03290886	-0.05185024	1.5056382e-09	NaN	NaN	NaN	1.2538461e-06	1e-07
0	0	-0.29731107	0	-0.707107	0.707107	0	0.70710737	-0.70710737	0	-0.70710725	-0.7071073	0	0	0	0	0.028452469	-0.048258964	9.623666e-10	NaN	NaN	NaN	1.2615385e-06	1e-07
0	0	-0.2973111	0	-0.707107	0.707107	0	0.70710737	-0.70710737	0	-0.70710737	-0.70710725	0	0	0	0	0.02403996	-0.045102663	8.1490725e-10	NaN	NaN	NaN	1.2692308e-06	1e-07
0	0	-0.29731107	0	-0.707107	0.707107	0	0.7071073	-0.70710737	0	-0.70710737	-0.7071073	0	0	0	0	0.019694874	-0.04233398	-4.656613e-11	NaN	NaN	NaN	1.2769231e-06	1e-07
0	0	-0.2973111	0	-0.707107	0.707107	0	0.70710737	-0.7071073	0	-0.70710725	-0.70710725	0	0	0	0	0.015434071	-0.03990815	-2.0799538e-09	NaN	NaN	NaN	1.2846153e-06	1e-07
0	0	-0.2973111	0	-0.707107	0.707107	0	0.70710737	-0.7071073	0	-0.70710737	-0.7071073	0	0	0	0	0.011269507	-0.037783507	-2.9724712e-09	NaN	NaN	NaN	1.2923077e-06	1e-07
0	0	-0.2973111	0	-0.707107	0.707107	0	0.7071073	-0.70710737	0	-0.70710737	-0.7071073	0	0	0	0	0.007209677	-0.03592153	-2.6542692e-09	NaN	NaN	NaN	1.3e-06	1e-07
0	0	-0.29731107	0	-0.707107	0.707107	0	0.7071073	-0.7071073	0	-0.7071073	-0.70710737	0	0	0	0	0.0032612479	-0.034286734	-1.4823551e-09	NaN	NaN	NaN	1.3076923e-06	1e-07
0	0	-0.29731107	0	-0.707107	0.707107	0	0.70710737	-0.7071073	0	-0.7071073	-0.70710725	0	0	0	0	-0.0005700887	-0.032846425	-1.0322159e-09	NaN	NaN	NaN	1.3153846e-06	1e-07
0	0	-0.29731107	0	-0.707107	0.707107	0	0.70710725	-0.70710737	0	-0.70710737	-0.7071073	0	0	0	0	-0.004278613	-0.031570427	-1.5522043e-09	NaN	NaN	NaN	1.323077e-06	1e-07
0	0	-0.29731107	0	-0.707107	0.707107	0	0.7071073	-0.70710737	0	-0.70710725	-0.70710725	0	0	0	0	-0.00785779	-0.030430784	-3.244107e-09	NaN	NaN	NaN	1.3307692e-06	1e-07
0	0	-0.29731107	0	-0.707107	0.707107	0	0.70710737	-0.7071073	0	-0.70710737	-0.70710737	0	0	0	0	-0.011299819	-0.029401504	-2.1109978e-09	NaN	NaN	NaN	1.3384615e-06	1e-07
0	0	-0.29731107	0	-0.707107	0.707107	0	0.7071073	-0.7071073	0	-0.70710725	-0.70710737	0	0	0	0	-0.014594717	-0.028458364	-1.9868216e-09	NaN	NaN	NaN	1.3461538e-06	1e-07
0	0	-0.29731107	0	-0.707107	0.707107	0	0.70710737	-0.70710725	0	-0.70710737	-0.70710725	0	0	0	0	-0.01773004	-0.027578779	-4.315128e-09	NaN	NaN	NaN	1.3538462e-06	1e-07
0	0	-0.29731107	0	-0.707107	0.707107	0	0.70710737	-0.70710725	0	-0.70710737	-0.70710725	0	0	0	0	-0.020690223	-0.026741754	-4.5790025e-09	NaN	NaN	NaN	1.3615385e-06	1e-07
0	0	-0.29731107	0	-0.707107	0.707107	0	0.70710737	-0.7071073	0	-0.70710737	-0.70710725	0	0	0	0	-0.02345633	-0.02592796	-4.2530397e-09	NaN	NaN	NaN	1.3692307e-06	1e-07
0	0	-0.29731107	0	-0.707107	0.707107	0	0.70710737	-0.70710725	0	-0.7071073	-0.7071073	0	0	0	0	-0.026005356	-0.025119862	-2.157564e-09	NaN	NaN	NaN	1.376923e-06	1e-07
0	0	-0.29731107	0	-0.707107	0.707107	0	0.7071073	-0.70710737	0	-0.70710737	-0.70710725	0	0	0	0	-0.028309945	-0.024302045	-3.244107e-09	NaN	NaN	NaN	1.3846154e-06	1e-07
0	0	-0.29731107	0	-0.707107	0.707107	0	0.70710737	-0.7071073	0	-0.70710737	-0.70710737	0	0	0	0	-0.030337939	-0.023461584	-3.8029007e-09	NaN	NaN	NaN	1.3923077e-06	1e-07
0	0	-0.2973111	0	-0.707107	0.707107	0	0.70710737	-0.7071073	0	-0.70710725	-0.70710725	0	0	0	0	-0.03205208	-0.022588583	-2.3748725e-09	NaN	NaN	NaN	1.4e-06	1e-07
0	0	-0.29731107	0	-0.707107	0.707107	0	0.70710737	-0.7071073	0	-0.70710737	-0.7071073	0	0	0	0	-0.033409882	-0.021676818	-2.0489097e-09	NaN	NaN	NaN	1.4076923e-06	1e-07
0	0	-0.29731107	0	-0.707107	0.707107	0	0.70710737	-0.70710737	0	-0.70710725	-0.7071073	0	0	0	0	-0.034362923	-0.020724496	-2.9647103e-09	NaN	NaN	NaN	1.4153846e-06	1e-07
0	0	-0.29731107	0	-0.707107	0.707107	0	0.7071073	-0.70710737	0	-0.70710737	-0.7071073	0	0	0	0	-0.034857392	-0.019735085	-1.8316011e-09	NaN	NaN	NaN	1.4230769e-06	1e-07
0	0	-0.29731107	0	-0.707107	0.707107	0	0.7071073	-0.7071073	0	-0.70710737	-0.70710737	0	0	0	0	-0.034833737	-0.018718278	-3.3372392e-09	NaN	NaN	NaN	1.4307692e-06	1e-07
0	0	-0.29731107	0	-0.707107	0.707107	0	0.7071073	-0.7071073	0	-0.70710725	-0.7071073	0	0	0	0	-0.034226913	-0.017690957	-1.3348956e-09	NaN	NaN	NaN	1.4384616e-06	1e-07
0	0	-0.29731107	0	-0.707107	0.707107	0	0.70710737	-0.70710737	0	-0.70710725	-0.70710725	0	0	0	0	-0.032966565	-0.016678253	-1.7695129e-09	NaN	NaN	NaN	1.4461539e-06	1e-07
0	0	-0.29731107	0	-0.707107	0.707107	0	0.7071073	-0.7071073	0	-0.70710725	-0.70710725	0	0	0	0	-0.03097781	-0.015714623	4.346172e-10	NaN	NaN	NaN	1.4538462e-06	1e-07
0	0	-0.29731107	0	-0.707107	0.707107	0	0.70710737	-0.7071073	0	-0.70710737	-0.70710737	0	0	0	0	-0.02818186	-0.014845025	-5.5879357e-10	NaN	NaN	NaN	1.4615384e-06	1e-07
0	0	-0.2973111	0	-0.707107	0.707107	0	0.70710725	-0.70710725	0	-0.7071073	-0.70710725	0	0	0	0	-0.024497306	-0.014126103	-1.9868216e-09	NaN	NaN	NaN	1.4692308e-06	1e-07
0	0	-0.29731107	0	-0.707107	0.707107	0	0.7071073	-0.7071073	0	-0.70710725	-0.7071073	0	0	0	0	-0.01984198	-0.013627624	-5.9915086e-09	NaN	NaN	NaN	1.4769231e-06	1e-07
0	0	-0.29731107	0	-0.707107	0.707107	0	0.7071073	-0.70710737	0	-0.70710737	-0.70710725	0	0	0	0	-0.014136347	-0.013433832	-4.377216e-09	NaN	NaN	NaN	1.4846154e-06	1e-07
0	0	-0.29731107	0	-0.707107	0.707107	0	0.70710737	-0.7071073	0	-0.70710725	-0.70710737	0	0	0	0	-0.007308824	-0.01364471	-4.780789e-09	NaN	NaN	NaN	1.4923077e-06	1e-07
0	0	-0.29731107	0	-0.707107	0.707107	0	0.70710737	-0.7071073	0	-0.70710737	-0.70710725	0	0	0	0	0.00069524295	-0.014376251	-2.6697913e-09	NaN	NaN	NaN	1.5e-06	1e-07
0	0	-0.29731107	0	-0.707107	0.707107	0	0.70710737	-0.70710737	0	-0.70710725	-0.70710737	0	0	0	0	0.009899155	-0.015757851	-4.377216e-09	NaN	NaN	NaN	1.5076923e-06	1e-07
0	0	-0.29731107	0	-0.707107	0.707107	0	0.7071073	-0.7071073	0	-0.7071073	-0.70710737	0	0	0	0	0.02027421	-0.017923607	-5.5879354e-09	NaN	NaN	NaN	1.5153846e-06	1e-07
0	0	-0.2973111	0	-0.707107	0.707107	0	0.7071073	-0.7071073	0	-0.70710737	-0.70710725	0	0	0	0	0.03171285	-0.02099185	-1.7384688e-09	NaN	NaN	NaN	1.5230769e-06	1e-07
0	0	-0.29731107	0	-0.707107	0.707107	0	0.70710737	-0.7071073	0	-0.70710725	-0.7071073	0	0	0	0	0.044001717	-0.025026923	-2.7629237e-09	NaN	NaN	NaN	1.5307693e-06	1e-07
0	0	-0.29731107	0	-0.707107	0.707107	0	0.70710737	-0.7071073	0	-0.70710737	-0.70710725	0	0	0	0	0.056809887	-0.02998019	-3.6942462e-09	NaN	NaN	NaN	1.5384616e-06	1e-07
0	0	-0.2973111	0	-0.707107	0.707107	0	0.70710737	-0.70710737	0	-0.70710725	-0.70710737	0	0	0	0	0.06971465	-0.03563211	-3.6632022e-09	NaN	NaN	NaN	1.5461538e-06	1e-07
0	0	-0.29731107	0	-0.707107	0.707107	0	0.70710737	-0.7071073	0	-0.70710737	-0.70710725	0	0	0	0	0.08226987	-0.0415641	-1.7695129e-09	NaN	NaN	NaN	1.5538461e-06	1e-07
0	0	-0.29731107	0	-0.707107	0.707107	0	0.70710737	-0.7071073	0	-0.70710737	-0.7071073	0	0	0	0	0.09408799	-0.04722307	-1.7695129e-09	NaN	NaN	NaN	1.5615385e-06	1e-07
0	0	-0.29731107	0	-0.707107	0.707107	0	0.70710737	-0.70710725	0	-0.70710737	-0.70710737	0	0	0	0	0.104876235	-0.05205385	-8.692344e-10	NaN	NaN	NaN	1.5692308e-06	1e-07
0	0	-0.29731107	0	-0.707107	0.707107	0	0.70710737	-0.7071073	0	-0.70710737	-0.70710725	0	0	0	0	0.11441508	-0.055632785	-3.9425987e-09	NaN	NaN	NaN	1.5769231e-06	1e-07
0	0	-0.29731107	0	-0.707107	0.707107	0	0.70710725	-0.70710737	0	-0.70710737	-0.70710737	0	0	0	0	0.12253826	-0.057747602	-4.377216e-09	NaN	NaN	NaN	1.5846153e-06	1e-07
0	0	-0.29731107	0	-0.707107	0.707107	0	0.70710737	-0.70710737	0	-0.70710737	-0.70710737	0	0	0	0	0.12913649	-0.058409356	-7.97833e-09	NaN	NaN	NaN	1.5923077e-06	1e-07
0	0	-0.29731107	0	-0.707107	0.707107	0	0.7071073	-0.70710737	0	-0.70710737	-0.70710725	0	0	0	0	0.13418086	-0.05780627	-5.6345018e-09	NaN	NaN	NaN	1.6e-06	1e-07
0	0	-0.29731107	0	-0.707107	0.707107	0	0.7071073	-0.70710737	0	-0.70710737	-0.70710725	0	0	0	0	0.13773672	-0.05622458	-4.5324366e-09	NaN	NaN	NaN	1.6076923e-06	1e-07
0	0	-0.29731107	0	-0.707107	0.707107	0	0.70710737	-0.70710737	0	-0.70710725	-0.7071073	0	0	0	0	0.13995181	-0.053970024	-2.514571e-09	NaN	NaN	NaN	1.6153846e-06	1e-07
0	0	-0.29731107	0	-0.707107	0.707107	0	0.7071073	-0.7071073	0	-0.70710725	-0.70710725	0	0	0	0	0.14102462	-0.051313836	-3.4148495e-09	NaN	NaN	NaN	1.623077e-06	1e-07
0	0	-0.29731107	0	-0.707107	0.707107	0	0.70710737	-0.7071073	0	-0.70710737	-0.7071073	0	0	0	0	0.14117007	-0.048469923	3.1044087e-11	NaN	NaN	NaN	1.6307692e-06	1e-07
0	0	-0.2973111	0	-0.707107	0.707107	0	0.70710725	-0.70710725	0	-0.70710725	-0.70710737	0	0	0	0	0.1405939	-0.045593724	-2.0178657e-09	NaN	NaN	NaN	1.6384615e-06	1e-07
0	0	-0.29731107	0	-0.707107	0.707107	0	0.7071073	-0.70710737	0	-0.70710725	-0.7071073	0	0	0	0	0.13947923	-0.042791512	1.0089328e-09	NaN	NaN	NaN	1.6461538e-06	1e-07
0	0	-0.2973111	0	-0.707107	0.707107	0	0.7071073	-0.70710725	0	-0.70710737	-0.70710725	0	0	0	0	0.13798176	-0.040131684	-3.3838055e-09	NaN	NaN	NaN	1.6538462e-06	1e-07
0	0	-0.29731107	0	-0.707107	0.707107	0	0.7071073	-0.70710725	0	-0.70710725	-0.7071073	0	0	0	0	0.13623008	-0.037654914	-2.0877147e-09	NaN	NaN	NaN	1.6615385e-06	1e-07
0	0	-0.29731107	0	-0.707107	0.707107	0	0.7071073	-0.7071073	0	-0.70710737	-0.70710737	0	0	0	0	0.13432826	-0.035382017	-5.921659e-09	NaN	NaN	NaN	1.6692308e-06	1e-07
0	0	-0.29731107	0	-0.707107	0.707107	0	0.70710737	-0.70710725	0	-0.70710725	-0.70710725	0	0	0	0	0.13235883	-0.033320036	-1.5366822e-09	NaN	NaN	NaN	1.676923e-06	1e-07
0	0	-0.29731107	0	-0.707107	0.707107	0	0.70710737	-0.7071073	0	-0.70710737	-0.70710725	0	0	0	0	0.13038635	-0.031466685	-2.9647103e-09	NaN	NaN	NaN	1.6846154e-06	1e-07
0	0	-0.2973111	0	-0.707107	0.707107	0	0.7071073	-0.7071073	0	-0.70710737	-0.7071073	0	0	0	0	0.12846021	-0.02981371	-6.3252326e-10	NaN	NaN	NaN	1.6923077e-06	1e-07
0	0	-0.29731107	0	-0.707107	0.707107	0	0.70710737	-0.70710737	0	-0.70710737	-0.70710725	0	0	0	0	0.12661736	-0.028349258	-2.0489097e-09	NaN	NaN	NaN	1.7e-06	1e-07
0	0	-0.29731107	0	-0.707107	0.707107	0	0.70710737	-0.70710737	0	-0.70710737	-0.7071073	0	0	0	0	0.12488471	-0.027059587	-7.4117756e-10	NaN	NaN	NaN	1.7076923e-06	1e-07
0	0	-0.29731107	0	-0.707107	0.707107	0	0.70710737	-0.70710737	0	-0.70710737	-0.70710737	0	0	0	0	0.123281	-0.025930172	-3.2402265e-09	NaN	NaN	NaN	1.7153847e-06	1e-07
0	0	-0.29731107	0	-0.707107	0.707107	0	0.70710737	-0.70710737	0	-0.70710737	-0.7071073	0	0	0	0	0.12181866	-0.024946447	-2.7474016e-09	NaN	NaN	NaN	1.7230769e-06	1e-07
0	0	-0.29731107	0	-0.707107	0.707107	0	0.7071073	-0.70710737	0	-0.70710737	-0.70710737	0	0	0	0	0.12050494	-0.024094163	-2.143982e-09	NaN	NaN	NaN	1.7307692e-06	1e-07
0	0	-0.2973111	0	-0.707107	0.707107	0	0.70710737	-0.70710737	0	-0.70710737	-0.7071073	0	0	0	0	0.11934313	-0.023359634	1.6424262e-09	NaN	NaN	NaN	1.7384615e-06	1e-07
0	0	-0.29731107	0	-0.707107	0.707107	0	0.7071073	-0.70710737	0	-0.70710737	-0.7071073	0	0	0	0	0.11833323	-0.022729738	1.4382143e-09	NaN	NaN	NaN	1.7461539e-06	1e-07
0	0	-0.2973111	0	-0.707107	0.707107	0	0.70710737	-0.7071073	0	-0.70710737	-0.70710725	0	0	0	0	0.117472745	-0.022191932	3.4021166e-09	NaN	NaN	NaN	1.7538462e-06	1e-07
0	0	-0.29731107	0	-0.707107	0.707107	0	0.7071073	-0.7071073	0	-0.70710737	-0.7071073	0	0	0	0	0.11675673	-0.021734096	1.0162088e-09	NaN	NaN	NaN	1.7615384e-06	1e-07
0	0	-0.29731107	0	-0.707107	0.707107	0	0.70710737	-0.70710737	0	-0.70710725	-0.7071073	0	0	0	0	0.11617867	-0.021344503	1.0380367e-09	NaN	NaN	NaN	1.7692307e-06	1e-07
0	0	-0.29731107	0	-0.707107	0.707107	0	0.7071073	-0.7071073	0	-0.70710737	-0.70710725	0	0	0	0	0.115729906	-0.021011624	3.0656036e-10	NaN	NaN	NaN	1.7769231e-06	1e-07
0	0	-0.29731107	0	-0.707107	0.707107	0	0.70710725	-0.70710737	0	-0.70710725	-0.7071073	0	0	0	0	0.11540036	-0.020724094	2.8444143e-09	NaN	NaN	NaN	1.7846154e-06	1e-07
0	0	-0.29731107	0	-0.707107	0.707107	0	0.70710737	-0.7071073	0	-0.70710737	-0.70710725	0	0	0	0	0.115178026	-0.020470526	3.8688692e-09	NaN	NaN	NaN	1.7923077e-06	1e-07
0	0	-0.2973111	0	-0.707107	0.707107	0	0.7071073	-0.70710737	0	-0.7071073	-0.70710737	0	0	0	0	0.11504929	-0.020239554	3.2518679e-09	NaN	NaN	NaN	1.8e-06	1e-07
0	0	-0.29731107	0	-0.707107	0.707107	0	0.7071073	-0.7071073	0	-0.70710737	-0.70710725	0	0	0	0	0.11499826	-0.020019697	2.1071174e-09	NaN	NaN	NaN	1.8076923e-06	1e-07
0	0	-0.29731107	0	-0.707107	0.707107	0	0.7071073	-0.70710725	0	-0.70710737	-0.70710725	0	0	0	0	0.11500721	-0.01979944	3.306195e-09	NaN	NaN	NaN	1.8153846e-06	1e-07
0	0	-0.29731107	0	-0.707107	0.707107	0	0.7071073	-0.70710737	0	-0.70710737	-0.70710725	0	0	0	0	0.11505569	-0.019567246	3.0500815e-09	NaN	NaN	NaN	1.8230769e-06	1e-07
0	0	-0.29731107	0	-0.707107	0.707107	0	0.7071073	-0.70710737	0	-0.7071073	-0.70710725	0	0	0	0	0.11512077	-0.019311713	2.468005e-09	NaN	NaN	NaN	1.8307692e-06	1e-07
0	0	-0.2973111	0	-0.707107	0.707107	0	0.7071073	-0.70710737	0	-0.70710737	-0.70710725	0	0	0	0	0.11517627	-0.01902171	1.0244549e-09	NaN	NaN	NaN	1.8384616e-06	1e-07
0	0	-0.29731107	0	-0.707107	0.707107	0	0.7071073	-0.70710737	0	-0.70710737	-0.70710725	0	0	0	0	0.11519272	-0.018686706	2.6232252e-09	NaN	NaN	NaN	1.8461539e-06	1e-07
0	0	-0.29731107	0	-0.707107	0.707107	0	0.70710737	-0.70710737	0	-0.70710725	-0.7071073	0	0	0	0	0.11513678	-0.018297084	1.8005569e-09	NaN	NaN	NaN	1.8538461e-06	1e-07
0	0	-0.2973111	0	-0.707107	0.707107	0	0.7071073	-0.7071073	0	-0.70710725	-0.70710725	0	0	0	0	0.11497123	-0.017844636	3.562309e-09	NaN	NaN	NaN	1.8615384e-06	1e-07
0	0	-0.2973111	0	-0.707107	0.707107	0	0.70710737	-0.7071073	0	-0.70710737	-0.70710737	0	0	0	0	0.11465391	-0.017323105	4.656613e-10	NaN	NaN	NaN	1.8692308e-06	1e-07
0	0	-0.29731107	0	-0.707107	0.707107	0	0.70710725	-0.7071073	0	-0.7071073	-0.70710737	0	0	0	0	0.11413811	-0.016728899	2.0178656e-10	NaN	NaN	NaN	1.8769231e-06	1e-07
0	0	-0.29731107	0	-0.707107	0.707107	0	0.7071073	-0.7071073	0	-0.70710737	-0.70710725	0	0	0	0	0.11337181	-0.016061863	-1.0399769e-09	NaN	NaN	NaN	1.8846154e-06	1e-07
0	0	-0.2973111	0	-0.707107	0.707107	0	0.70710737	-0.7071073	0	-0.70710725	-0.7071073	0	0	0	0	0.11229742	-0.015326229	-4.346172e-10	NaN	NaN	NaN	1.8923076e-06	1e-07
0	0	-0.29731107	0	-0.707107	0.707107	0	0.70710737	-0.70710725	0	-0.70710737	-0.7071073	0	0	0	0	0.110851906	-0.0145316385	-2.2196522e-09	NaN	NaN	NaN	1.9e-06	1e-07
0	0	-0.2973111	0	-0.707107	0.707107	0	0.7071073	-0.70710737	0	-0.70710737	-0.7071073	0	0	0	0	0.10896645	-0.013694365	5.2774946e-10	NaN	NaN	NaN	1.9076922e-06	1e-07
0	0	-0.29731107	0	-0.707107	0.707107	0	0.70710737	-0.70710737	0	-0.70710725	-0.7071073	0	0	0	0	0.106566764	-0.012838612	-9.313226e-10	NaN	NaN	NaN	1.9153847e-06	1e-07
0	0	-0.29731107	0	-0.707107	0.707107	0	0.7071073	-0.7071073	0	-0.7071073	-0.7071073	0	0	0	0	0.10357358	-0.011998082	1.44355e-09	NaN	NaN	NaN	1.923077e-06	1e-07
0	0	-0.29731107	0	-0.707107	0.707107	0	0.70710737	-0.70710737	0	-0.70710737	-0.70710725	0	0	0	0	0.09990381	-0.011217561	-1.5832484e-09	NaN	NaN	NaN	1.9307693e-06	1e-07
0	0	-0.29731107	0	-0.707107	0.707107	0	0.7071073	-0.70710737	0	-0.70710737	-0.7071073	0	0	0	0	0.095472015	-0.010554725	-1.6298145e-09	NaN	NaN	NaN	1.9384615e-06	1e-07
0	0	-0.29731107	0	-0.707107	0.707107	0	0.7071073	-0.70710725	0	-0.70710737	-0.70710725	0	0	0	0	0.09019384	-0.010081762	-5.898376e-10	NaN	NaN	NaN	1.9461538e-06	1e-07
0	0	-0.29731107	0	-0.707107	0.707107	0	0.7071073	-0.7071073	0	-0.70710737	-0.70710725	0	0	0	0	0.08399011	-0.009886666	3.5390257e-09	NaN	NaN	NaN	1.953846e-06	1e-07
0	0	-0.29731107	0	-0.707107	0.707107	0	0.7071073	-0.7071073	0	-0.70710737	-0.7071073	0	0	0	0	0.07679393	-0.010073309	5.3085385e-09	NaN	NaN	NaN	1.9615384e-06	1e-07
0	0	-0.29731107	0	-0.707107	0.707107	0	0.70710737	-0.7071073	0	-0.70710725	-0.70710737	0	0	0	0	0.06855977	-0.010759405	4.5324366e-09	NaN	NaN	NaN	1.9692309e-06	1e-07
0	0	-0.29731107	0	-0.707107	0.707107	0	0.70710737	-0.7071073	0	-0.70710737	-0.7071073	0	0	0	0	0.059275255	-0.012070379	2.7939677e-09	NaN	NaN	NaN	1.9769232e-06	1e-07
0	0	-0.29731107	0	-0.707107	0.707107	0	0.7071073	-0.70710725	0	-0.70710725	-0.70710725	0	0	0	0	0.04897518	-0.0141274	9.0027846e-10	NaN	NaN	NaN	1.9846154e-06	1e-07
0	0	-0.29731107	0	-0.707107	0.707107	0	0.70710737	-0.7071073	0	-0.70710737	-0.70710737	0	0	0	0	0.037753917	-0.017027114	2.1420419e-09	NaN	NaN	NaN	1.9923077e-06	1e-07
0	0	-0.29731107	0	-0.707107	0.707107	0	0.7071073	-0.70710737	0	-0.70710725	-0.7071073	0	0	0	0	0.025774876	-0.02081259	2.2662183e-09	NaN	NaN	NaN	2e-06	1e-07
0	0	-0.29731107	0	-0.707107	0.707107	0	0.7071073	-0.70710737	0	-0.70710737	-0.7071073	0	0	0	0	0.01326855	-0.025437323	2.2662183e-09	NaN	NaN	NaN	2.0076923e-06	1e-07
0	0	-0.2973111	0	-0.70710707	0.707107	0	0.70710737	-0.70710737	0	-0.70710737	-0.70710737	0	0	0	0	0.0005171072	-0.030730886	1.4901161e-09	NaN	NaN	NaN	2.0153846e-06	1e-07
0	0	-0.29731107	0	-0.707107	0.707107	0	0.70710737	-0.70710737	0	-0.70710725	-0.70710737	0	0	0	0	-0.0121772	-0.03638139	2.545615e-09	NaN	NaN	NaN	2.0230768e-06	1e-07
0	0	-0.29731107	0	-0.707107	0.707107	0	0.70710737	-0.70710737	0	-0.7071073	-0.7071073	0	0	0	0	-0.02452373	-0.04195319	2.173086e-09	NaN	NaN	NaN	2.0307693e-06	1e-07
0	0	-0.29731107	0	-0.707107	0.707107	0	0.70710737	-0.70710737	0	-0.70710737	-0.70710725	0	0	0	0	-0.03625692	-0.0469457	-1.0244549e-09	NaN	NaN	NaN	2.0384616e-06	1e-07
0	0	-0.29731107	0	-0.707107	0.707107	0	0.7071073	-0.7071073	0	-0.70710737	-0.70710725	0	0	0	0	-0.047120534	-0.050882194	-1.5211602e-09	NaN	NaN	NaN	2.046154e-06	1e-07
0	0	-0.29731107	0	-0.707107	0.707107	0	0.70710737	-0.70710725	0	-0.70710737	-0.7071073	0	0	0	0	-0.05684389	-0.0534087	1.3038516e-09	NaN	NaN	NaN	2.0538462e-06	1e-07
0	0	-0.29731107	0	-0.707107	0.707107	0	0.70710737	-0.70710737	0	-0.70710737	-0.7071073	0	0	0	0	-0.06514896	-0.05437392	3.1664968e-09	NaN	NaN	NaN	2.0615385e-06	1e-07
0	0	-0.29731107	0	-0.707107	0.707107	0	0.70710737	-0.70710737	0	-0.70710737	-0.70710737	0	0	0	0	-0.07180752	-0.05386794	5.044664e-09	NaN	NaN	NaN	2.0692307e-06	1e-07
0	0	-0.29731107	0	-0.707107	0.707107	0	0.70710737	-0.70710737	0	-0.70710737	-0.70710737	0	0	0	0	-0.07672005	-0.05217085	3.7563344e-09	NaN	NaN	NaN	2.076923e-06	1e-07
0	0	-0.29731107	0	-0.707107	0.707107	0	0.70710737	-0.70710737	0	-0.70710737	-0.7071073	0	0	0	0	-0.079948634	-0.049643297	6.208817e-09	NaN	NaN	NaN	2.0846153e-06	1e-07
0	0	-0.2973111	0	-0.707107	0.707107	0	0.7071073	-0.70710737	0	-0.70710725	-0.70710725	0	0	0	0	-0.08167938	-0.04662572	4.377216e-09	NaN	NaN	NaN	2.0923078e-06	1e-07
0	0	-0.29731107	0	-0.707107	0.707107	0	0.7071073	-0.7071073	0	-0.7071073	-0.7071073	0	0	0	0	-0.08167938	-0.04662572	4.377216e-09	NaN	NaN	NaN	2.0923078e-06	1.05e-06
0	0	-0.29731107	0	-0.707107	0.707107	0	0.7071073	-0.7071073	0	-0.70710725	-0.70710725	0	0	0	0	-0.081679374	-0.046625722	4.377216e-09	NaN	NaN	NaN	2.0923078e-06	1.0587097e-06
0	0	-0.2973111	0	-0.707107	0.707107	0	0.70710725	-0.70710737	0	-0.70710737	-0.7071073	0	0	0	0	-0.08167938	-0.046625722	4.377216e-09	NaN	NaN	NaN	2.0923078e-06	1.0674194e-06
0	0	-0.2973111	0	-0.707107	0.707107	0	0.70710737	-0.70710737	0	-0.70710737	-0.7071073	0	0	0	0	-0.08167938	-0.04662572	4.377216e-09	NaN	NaN	NaN	2.0923078e-06	1.076129e-06
0	0	-0.29731107	0	-0.707107	0.707107	0	0.7071073	-0.7071073	0	-0.70710737	-0.70710725	0	0	0	0	-0.08167938	-0.04662572	4.377216e-09	NaN	NaN	NaN	2.0923078e-06	1.0848387e-06
0	0	-0.29731107	0	-0.707107	0.707107	0	0.7071073	-0.70710737	0	-0.70710737	-0.70710737	0	0	0	0	-0.081679374	-0.046625722	4.377216e-09	NaN	NaN	NaN	2.0923078e-06	1.0935483e-06
0	0	-0.2973111	0	-0.707107	0.707107	0	0.70710737	-0.70710737	0	-0.70710737	-0.70710725	0	0	0	0	-0.08167938	-0.046625722	4.377216e-09	NaN	NaN	NaN	2.0923078e-06	1.102258e-06
0	0	-0.29731107	0	-0.707107	0.707107	0	0.70710737	-0.70710737	0	-0.70710725	-0.70710725	0	0	0	0	-0.081679374	-0.046625722	4.377216e-09	NaN	NaN	NaN	2.0923078e-06	1.1109678e-06
0	0	-0.29731107	0	-0.707107	0.707107	0	0.70710725	-0.7071073	0	-0.70710725	-0.7071073	0	0	0	0	-0.08167938	-0.04662572	4.377216e-09	NaN	NaN	NaN	2.0923078e-06	1.1196774e-06
0	0	-0.2973111	0	-0.707107	0.707107	0	0.70710737	-0.70710737	0	-0.7071073	-0.70710737	0	0	0	0	-0.08167938	-0.04662572	4.377216e-09	NaN	NaN	NaN	2.0923078e-06	1.1283871e-06
0	0	-0.29731107	0	-0.707107	0.707107	0	0.7071073	-0.70710737	0	-0.70710725	-0.70710737	0	0	0	0	-0.08167938	-0.04662572	4.377216e-09	NaN	NaN	NaN	2.0923078e-06	1.1370968e-06
0	0	-0.29731107	0	-0.707107	0.707107	0	0.7071073	-0.70710725	0	-0.70710725	-0.7071073	0	0	0	0	-0.081679374	-0.046625722	4.377216e-09	NaN	NaN	NaN	2.0923078e-06	1.1458064e-06
0	0	-0.29731107	0	-0.707107	0.707107	0	0.7071073	-0.70710737	0	-0.70710737	-0.70710737	0	0	0	0	-0.08167938	-0.04662572	4.377216e-09	NaN	NaN	NaN	2.0923078e-06	1.1545161e-06
0	0	-0.29731107	0	-0.707107	0.707107	0	0.70710737	-0.70710737	0	-0.70710737	-0.7071073	0	0	0	0	-0.08167938	-0.04662572	4.377216e-09	NaN	NaN	NaN	2.0923078e-06	1.1632258e-06
0	0	-0.29731107	0	-0.707107	0.707107	0	0.70710737	-0.7071073	0	-0.70710737	-0.70710737	0	0	0	0	-0.08167938	-0.04662572	4.377216e-09	NaN	NaN	NaN	2.0923078e-06	1.1719355e-06
0	0	-0.29731107	0	-0.707107	0.707107	0	0.70710737	-0.70710737	0	-0.70710725	-0.70710725	0	0	0	0	-0.08167938	-0.04662572	4.377216e-09	NaN	NaN	NaN	2.0923078e-06	1.1806452e-06
0	0	-0.2973111	0	-0.707107	0.707107	0	0.7071073	-0.7071073	0	-0.70710737	-0.7071073	0	0	0	0	-0.08167938	-0.04662572	4.377216e-09	NaN	NaN	NaN	2.0923078e-06	1.1893549e-06
0	0	-0.2973111	0	-0.707107	0.707107	0	0.70710737	-0.7071073	0	-0.70710737	-0.70710737	0	0	0	0	-0.08167939	-0.046625722	4.377216e-09	NaN	NaN	NaN	2.0923078e-06	1.1980645e-06
0	0	-0.29731107	0	-0.707107	0.707107	0	0.7071073	-0.7071073	0	-0.70710725	-0.70710737	0	0	0	0	-0.08167938	-0.046625722	4.377216e-09	NaN	NaN	NaN	2.0923078e-06	1.2067742e-06
0	0	-0.29731107	0	-0.707107	0.707107	0	0.70710737	-0.7071073	0	-0.70710737	-0.7071073	0	0	0	0	-0.08167938	-0.04662572	4.377216e-09	NaN	NaN	NaN	2.0923078e-06	1.2154838e-06
0	0	-0.2973111	0	-0.707107	0.707107	0	0.70710737	-0.70710737	0	-0.70710725	-0.7071073	0	0	0	0	-0.08167939	-0.04662572	4.377216e-09	NaN	NaN	NaN	2.0923078e-06	1.2241935e-06
0	0	-0.29731107	0	-0.707107	0.707107	0	0.7071073	-0.70710737	0	-0.70710737	-0.70710725	0	0	0	0	-0.081679374	-0.04662572	4.377216e-09	NaN	NaN	NaN	2.0923078e-06	1.2329032e-06
0	0	-0.29731107	0	-0.707107	0.707107	0	0.70710737	-0.70710737	0	-0.70710737	-0.70710737	0	0	0	0	-0.08167938	-0.046625722	4.377216e-09	NaN	NaN	NaN	2.0923078e-06	1.241613e-06
0	0	-0.29731107	0	-0.707107	0.707107	0	0.7071073	-0.70710725	0	-0.70710737	-0.70710725	0	0	0	0	-0.08167938	-0.04662572	4.377216e-09	NaN	NaN	NaN	2.0923078e-06	1.2503226e-06
0	0	-0.29731107	0	-0.707107	0.707107	0	0.7071073	-0.70710737	0	-0.7071073	-0.70710725	0	0	0	0	-0.08167938	-0.04662572	4.377216e-09	NaN	NaN	NaN	2.0923078e-06	1.2590323e-06
0	0	-0.29731107	0	-0.707107	0.707107	0	0.70710737	-0.70710737	0	-0.70710737	-0.70710725	0	0	0	0	-0.08167938	-0.046625722	4.377216e-09	NaN	NaN	NaN	2.0923078e-06	1.2677419e-06
0	0	-0.29731107	0	-0.707107	0.707107	0	0.7071073	-0.7071073	0	-0.70710737	-0.7071073	0	0	0	0	-0.08167938	-0.046625722	4.377216e-09	NaN	NaN	NaN	2.0923078e-06	1.2764516e-06
0	0	-0.29731107	0	-0.707107	0.707107	0	0.70710737	-0.70710737	0	-0.70710737	-0.7071073	0	0	0	0	-0.081679374	-0.046625722	4.377216e-09	NaN	NaN	NaN	2.0923078e-06	1.2851613e-06
0	0	-0.2973111	0	-0.707107	0.707107	0	0.7071073	-0.70710737	0	-0.70710725	-0.70710725	0	0	0	0	-0.08167938	-0.046625722	4.377216e-09	NaN	NaN	NaN	2.0923078e-06	1.2938709e-06
0	0	-0.29731107	0	-0.707107	0.707107	0	0.70710737	-0.7071073	0	-0.7071073	-0.70710725	0	0	0	0	-0.08167938	-0.04662572	4.377216e-09	NaN	NaN	NaN	2.0923078e-06	1.3025807e-06
0	0	-0.2973111	0	-0.707107	0.707107	0	0.7071073	-0.7071073	0	-0.70710737	-0.7071073	0	0	0	0	-0.08167938	-0.046625722	4.377216e-09	NaN	NaN	NaN	2.0923078e-06	1.3112904e-06
0	0	-0.29731107	0	-0.707107	0.707107	0	0.7071073	-0.70710737	0	-0.70710737	-0.70710725	0	0	0	0	-0.08167938	-0.04662572	4.377216e-09	NaN	NaN	NaN	2.0923078e-06	1.32e-06
0	0	-0.29731107	0	-0.707107	0.707107	0	0.7071073	-0.7071073	0	-0.70710737	-0.70710737	0	0	0	0	-0.08167938	-0.04662572	4.377216e-09	NaN	NaN	NaN	2.0923078e-06	1.3287097e-06
0	0	-0.29731107	0	-0.707107	0.707107	0	0.70710737	-0.7071073	0	-0.70710725	-0.7071073	0	0	0	0	-0.08167938	-0.04662572	4.377216e-09	NaN	NaN	NaN	2.0923078e-06	1.3374193e-06
0	0	-0.29731107	0	-0.707107	0.707107	0	0.70710737	-0.7071073	0	-0.70710737	-0.70710725	0	0	0	0	-0.08167939	-0.04662572	4.377216e-09	NaN	NaN	NaN	2.0923078e-06	1.346129e-06
0	0	-0.29731107	0	-0.707107	0.707107	0	0.70710737	-0.70710737	0	-0.7071073	-0.70710725	0	0	0	0	-0.08167938	-0.046625722	4.377216e-09	NaN	NaN	NaN	2.0923078e-06	1.3548387e-06
0	0	-0.2973111	0	-0.707107	0.707107	0	0.70710725	-0.70710737	0	-0.70710737	-0.7071073	0	0	0	0	-0.08167938	-0.04662572	4.377216e-09	NaN	NaN	NaN	2.0923078e-06	1.3635483e-06
0	0	-0.29731107	0	-0.707107	0.707107	0	0.7071073	-0.70710725	0	-0.70710737	-0.7071073	0	0	0	0	-0.08167939	-0.04662572	4.377216e-09	NaN	NaN	NaN	2.0923078e-06	1.3722581e-06
0	0	-0.29731107	0	-0.707107	0.707107	0	0.7071073	-0.70710737	0	-0.70710725	-0.70710725	0	0	0	0	-0.08167938	-0.046625722	4.377216e-09	NaN	NaN	NaN	2.0923078e-06	1.3809678e-06
0	0	-0.29731107	0	-0.707107	0.707107	0	0.70710725	-0.70710737	0	-0.70710737	-0.7071073	0	0	0	0	-0.08167938	-0.046625722	4.377216e-09	NaN	NaN	NaN	2.0923078e-06	1.3896774e-06
0	0	-0.29731107	0	-0.707107	0.707107	0	0.70710737	-0.7071073	0	-0.70710737	-0.7071073	0	0	0	0	-0.081679374	-0.046625722	4.377216e-09	NaN	NaN	NaN	2.0923078e-06	1.3983871e-06
0	0	-0.29731107	0	-0.707107	0.707107	0	0.70710737	-0.70710725	0	-0.70710737	-0.70710725	0	0	0	0	-0.08167938	-0.04662572	4.377216e-09	NaN	NaN	NaN	2.0923078e-06	1.4070968e-06
0	0	-0.29731107	0	-0.707107	0.707107	0	0.70710737	-0.7071073	0	-0.70710725	-0.70710737	0	0	0	0	-0.081679374	-0.04662572	4.377216e-09	NaN	NaN	NaN	2.0923078e-06	1.4158064e-06
0	0	-0.29731107	0	-0.707107	0.707107	0	0.7071073	-0.70710725	0	-0.70710737	-0.70710737	0	0	0	0	-0.08167938	-0.046625722	4.377216e-09	NaN	NaN	NaN	2.0923078e-06	1.4245161e-06
0	0	-0.29731107	0	-0.707107	0.707107	0	0.70710737	-0.70710737	0	-0.7071073	-0.7071073	0	0	0	0	-0.08167938	-0.046625722	4.377216e-09	NaN	NaN	NaN	2.0923078e-06	1.4332259e-06
0	0	-0.29731107	0	-0.707107	0.707107	0	0.7071073	-0.70710737	0	-0.70710737	-0.70710725	0	0	0	0	-0.08167938	-0.046625722	4.377216e-09	NaN	NaN	NaN	2.0923078e-06	1.4419355e-06
0	0	-0.29731107	0	-0.707107	0.707107	0	0.7071073	-0.70710737	0	-0.70710737	-0.7071073	0	0	0	0	-0.08167938	-0.046625722	4.377216e-09	NaN	NaN	NaN	2.0923078e-06	1.4506452e-06
0	0	-0.29731107	0	-0.707107	0.707107	0	0.70710737	-0.70710737	0	-0.70710737	-0.7071073	0	0	0	0	-0.08167938	-0.04662572	4.377216e-09	NaN	NaN	NaN	2.0923078e-06	1.4593548e-06
0	0	-0.29731107	0	-0.707107	0.707107	0	0.7071073	-0.7071073	0	-0.70710737	-0.7071073	0	0	0	0	-0.08167938	-0.04662572	4.377216e-09	NaN	NaN	NaN	2.0923078e-06	1.4680645e-06
0	0	-0.29731107	0	-0.707107	0.707107	0	0.70710737	-0.70710737	0	-0.7071073	-0.7071073	0	0	0	0	-0.08167938	-0.046625722	4.377216e-09	NaN	NaN	NaN	2.0923078e-06	1.4767742e-06
0	0	-0.29731107	0	-0.70710707	0.707107	0	0.70710737	-0.70710737	0	-0.70710725	-0.7071073	0	0	0	0	-0.08167939	-0.046625722	4.377216e-09	NaN	NaN	NaN	2.0923078e-06	1.4854838e-06
0	0	-0.2973111	0	-0.707107	0.707107	0	0.7071073	-0.70710737	0	-0.70710737	-0.70710725	0	0	0	0	-0.08167938	-0.04662572	4.377216e-09	NaN	NaN	NaN	2.0923078e-06	1.4941935e-06
0	0	-0.29731107	0	-0.707107	0.707107	0	0.7071073	-0.7071073	0	-0.7071073	-0.70710737	0	0	0	0	-0.081679374	-0.04662572	4.377216e-09	NaN	NaN	NaN	2.0923078e-06	1.5029033e-06
0	0	-0.29731107	0	-0.707107	0.707107	0	0.7071073	-0.70710737	0	-0.70710737	-0.70710725	0	0	0	0	-0.081679374	-0.046625722	4.377216e-09	NaN	NaN	NaN	2.0923078e-06	1.5116129e-06
0	0	-0.29731107	0	-0.707107	0.707107	0	0.70710737	-0.7071073	0	-0.70710737	-0.70710737	0	0	0	0	-0.081679374	-0.046625722	4.377216e-09	NaN	NaN	NaN	2.0923078e-06	1.5203226e-06
0	0	-0.29731107	0	-0.707107	0.707107	0	0.7071073	-0.7071073	0	-0.70710737	-0.70710725	0	0	0	0	-0.081679374	-0.046625722	4.377216e-09	NaN	NaN	NaN	2.0923078e-06	1.5290323e-06
0	0	-0.29731107	0	-0.707107	0.707107	0	0.7071073	-0.70710737	0	-0.70710725	-0.70710737	0	0	0	0	-0.081679374	-0.046625722	4.377216e-09	NaN	NaN	NaN	2.0923078e-06	1.5377419e-06
0	0	-0.29731107	0	-0.707107	0.707107	0	0.70710737	-0.7071073	0	-0.70710725	-0.70710737	0	0	0	0	-0.08167938	-0.04662572	4.377216e-09	NaN	NaN	NaN	2.0923078e-06	1.5464516e-06
0	0	-0.2973111	0	-0.707107	0.707107	0	0.70710725	-0.70710737	0	-0.70710725	-0.7071073	0	0	0	0	-0.08167938	-0.046625722	4.377216e-09	NaN	NaN	NaN	2.0923078e-06	1.5551612e-06
0	0	-0.29731107	0	-0.707107	0.707107	0	0.7071073	-0.7071073	0	-0.70710725	-0.70710737	0	0	0	0	-0.08167938	-0.04662572	4.377216e-09	NaN	NaN	NaN	2.0923078e-06	1.563871e-06
0	0	-0.29731107	0	-0.707107	0.707107	0	0.70710737	-0.70710737	0	-0.70710737	-0.70710725	0	0	0	0	-0.081679374	-0.046625722	4.377216e-09	NaN	NaN	NaN	2.0923078e-06	1.5725807e-06
0	0	-0.2973111	0	-0.707107	0.707107	0	0.70710737	-0.70710737	0	-0.70710737	-0.70710725	0	0	0	0	-0.08167938	-0.04662572	4.377216e-09	NaN	NaN	NaN	2.0923078e-06	1.5812903e-06
0	0	-0.2973111	0	-0.707107	0.707107	0	0.70710737	-0.7071073	0	-0.70710725	-0.70710725	0	0	0	0	-0.081679374	-0.04662572	4.377216e-09	NaN	NaN	NaN	2.0923078e-06	1.59e-06
0	0	-0.29731107	0	-0.707107	0.707107	0	0.70710737	-0.70710737	0	-0.70710737	-0.7071073	0	0	0	0	-0.081679374	-0.04662572	4.377216e-09	NaN	NaN	NaN	2.0923078e-06	1.5987097e-06
0	0	-0.29731107	0	-0.707107	0.707107	0	0.7071073	-0.70710737	0	-0.70710737	-0.70710725	0	0	0	0	-0.08167938	-0.046625722	4.377216e-09	NaN	NaN	NaN	2.0923078e-06	1.6074193e-06
0	0	-0.29731107	0	-0.707107	0.707107	0	0.7071073	-0.70710737	0	-0.70710737	-0.70710725	0	0	0	0	-0.08167938	-0.046625722	4.377216e-09	NaN	NaN	NaN	2.0923078e-06	1.616129e-06
0	0	-0.2973111	0	-0.707107	0.707107	0	0.7071073	-0.7071073	0	-0.70710737	-0.70710725	0	0	0	0	-0.08167938	-0.046625722	4.377216e-09	NaN	NaN	NaN	2.0923078e-06	1.6248387e-06
0	0	-0.2973111	0	-0.707107	0.707107	0	0.7071073	-0.7071073	0	-0.70710725	-0.7071073	0	0	0	0	-0.08167938	-0.046625722	4.377216e-09	NaN	NaN	NaN	2.0923078e-06	1.6335484e-06
0	0	-0.29731107	0	-0.707107	0.707107	0	0.70710737	-0.70710737	0	-0.7071073	-0.7071073	0	0	0	0	-0.081679374	-0.046625722	4.377216e-09	NaN	NaN	NaN	2.0923078e-06	1.6422581e-06
0	0	-0.29731107	0	-0.707107	0.707107	0	0.70710737	-0.70710737	0	-0.70710737	-0.70710725	0	0	0	0	-0.08167938	-0.04662572	4.377216e-09	NaN	NaN	NaN	2.0923078e-06	1.6509678e-06
0	0	-0.29731107	0	-0.707107	0.707107	0	0.70710725	-0.70710737	0	-0.70710737	-0.7071073	0	0	0	0	-0.08167938	-0.046625722	4.377216e-09	NaN	NaN	NaN	2.0923078e-06	1.6596774e-06
0	0	-0.29731107	0	-0.707107	0.707107	0	0.7071073	-0.70710737	0	-0.70710725	-0.70710737	0	0	0	0	-0.08167938	-0.046625722	4.377216e-09	NaN	NaN	NaN	2.0923078e-06	1.6683871e-06
0	0	-0.29731107	0	-0.707107	0.707107	0	0.70710725	-0.7071073	0	-0.70710725	-0.7071073	0	0	0	0	-0.08167938	-0.04662572	4.377216e-09	NaN	NaN	NaN	2.0923078e-06	1.6770967e-06
0	0	-0.2973111	0	-0.707107	0.707107	0	0.70710737	-0.70710737	0	-0.7071073	-0.7071073	0	0	0	0	-0.08167938	-0.046625722	4.377216e-09	NaN	NaN	NaN	2.0923078e-06	1.6858064e-06
0	0	-0.29731107	0	-0.707107	0.707107	0	0.7071073	-0.70710737	0	-0.70710737	-0.70710725	0	0	0	0	-0.08167938	-0.04662572	4.377216e-09	NaN	NaN	NaN	2.0923078e-06	1.6945161e-06
0	0	-0.29731107	0	-0.707107	0.707107	0	0.70710737	-0.7071073	0	-0.70710725	-0.7071073	0	0	0	0	-0.081679374	-0.046625722	4.377216e-09	NaN	NaN	NaN	2.0923078e-06	1.7032258e-06
0	0	-0.29731107	0	-0.707107	0.707107	0	0.7071073	-0.70710737	0	-0.70710737	-0.70710725	0	0	0	0	-0.081679374	-0.04662572	4.377216e-09	NaN	NaN	NaN	2.0923078e-06	1.7119355e-06
0	0	-0.2973111	0	-0.707107	0.707107	0	0.7071073	-0.7071073	0	-0.70710737	-0.7071073	0	0	0	0	-0.08167938	-0.046625722	4.377216e-09	NaN	NaN	NaN	2.0923078e-06	1.7206452e-06
0	0	-0.29731107	0	-0.707107	0.707107	0	0.70710737	-0.70710737	0	-0.70710737	-0.70710725	0	0	0	0	-0.08167938	-0.046625722	4.377216e-09	NaN	NaN	NaN	2.0923078e-06	1.7293548e-06
0	0	-0.29731107	0	-0.707107	0.707107	0	0.7071073	-0.70710737	0	-0.7071073	-0.7071073	0	0	0	0	-0.08167938	-0.04662572	4.377216e-09	NaN	NaN	NaN	2.0923078e-06	1.7380645e-06
0	0	-0.29731107	0	-0.707107	0.707107	0	0.70710737	-0.70710725	0	-0.70710737	-0.70710725	0	0	0	0	-0.081679374	-0.046625722	4.377216e-09	NaN	NaN	NaN	2.0923078e-06	1.7467742e-06
0	0	-0.29731107	0	-0.707107	0.707107	0	0.70710737	-0.70710737	0	-0.70710737	-0.7071073	0	0	0	0	-0.08167938	-0.046625722	4.377216e-09	NaN	NaN	NaN	2.0923078e-06	1.7554838e-06
0	0	-0.29731107	0	-0.707107	0.707107	0	0.7071073	-0.70710737	0	-0.70710725	-0.70710725	0	0	0	0	-0.08167938	-0.046625722	4.377216e-09	NaN	NaN	NaN	2.0923078e-06	1.7641936e-06
0	0	-0.29731107	0	-0.707107	0.707107	0	0.70710737	-0.70710737	0	-0.70710725	-0.70710737	0	0	0	0	-0.08167938	-0.046625722	4.377216e-09	NaN	NaN	NaN	2.0923078e-06	1.7729033e-06
0	0	-0.29731107	0	-0.707107	0.707107	0	0.7071073	-0.70710737	0	-0.70710737	-0.7071073	0	0	0	0	-0.08167938	-0.046625722	4.377216e-09	NaN	NaN	NaN	2.0923078e-06	1.7816129e-06
0	0	-0.29731107	0	-0.707107	0.707107	0	0.70710737	-0.70710737	0	-0.70710737	-0.70710725	0	0	0	0	-0.08167938	-0.046625722	4.377216e-09	NaN	NaN	NaN	2.0923078e-06	1.7903226e-06
0	0	-0.29731107	0	-0.707107	0.707107	0	0.70710725	-0.7071073	0	-0.70710725	-0.70710725	0	0	0	0	-0.08167938	-0.046625722	4.377216e-09	NaN	NaN	NaN	2.0923078e-06	1.7990322e-06
0	0	-0.29731107	0	-0.707107	0.707107	0	0.70710737	-0.70710737	0	-0.70710725	-0.70710725	0	0	0	0	-0.081679374	-0.046625722	4.377216e-09	NaN	NaN	NaN	2.0923078e-06	1.8077419e-06
0	0	-0.29731107	0	-0.707107	0.707107	0	0.70710737	-0.70710725	0	-0.70710737	-0.70710725	0	0	0	0	-0.08167938	-0.046625722	4.377216e-09	NaN	NaN	NaN	2.0923078e-06	1.8164516e-06
0	0	-0.29731107	0	-0.707107	0.707107	0	0.7071073	-0.7071073	0	-0.70710725	-0.70710725	0	0	0	0	-0.081679374	-0.04662572	4.377216e-09	NaN	NaN	NaN	2.0923078e-06	1.8251612e-06
0	0	-0.2973111	0	-0.707107	0.707107	0	0.70710737	-0.70710737	0	-0.70710737	-0.70710725	0	0	0	0	-0.08167938	-0.04662572	4.377216e-09	NaN	NaN	NaN	2.0923078e-06	1.833871e-06
0	0	-0.2973111	0	-0.707107	0.707107	0	0.7071073	-0.7071073	0	-0.70710737	-0.7071073	0	0	0	0	-0.08167938	-0.046625722	4.377216e-09	NaN	NaN	NaN	2.0923078e-06	1.8425807e-06
0	0	-0.2973111	0	-0.707107	0.707107	0	0.70710737	-0.70710737	0	-0.70710737	-0.70710725	0	0	0	0	-0.08167938	-0.04662572	4.377216e-09	NaN	NaN	NaN	2.0923078e-06	1.8512903e-06
0	0	-0.29731107	0	-0.707107	0.707107	0	0.7071073	-0.70710737	0	-0.70710737	-0.70710737	0	0	0	0	-0.08167938	-0.04662572	4.377216e-09	NaN	NaN	NaN	2.0923078e-06	1.86e-06
0	0	-0.29731107	0	-0.707107	0.707107	0	0.7071073	-0.7071073	0	-0.70710737	-0.70710725	0	0	0	0	-0.08167938	-0.046625722	4.377216e-09	NaN	NaN	NaN	2.0923078e-06	1.8687097e-06
0	0	-0.29731107	0	-0.707107	0.707107	0	0.70710737	-0.7071073	0	-0.70710737	-0.7071073	0	0	0	0	-0.08167938	-0.04662572	4.377216e-09	NaN	NaN	NaN	2.0923078e-06	1.8774193e-06
0	0	-0.29731107	0	-0.707107	0.707107	0	0.70710737	-0.7071073	0	-0.70710725	-0.7071073	0	0	0	0	-0.08167938	-0.046625722	4.377216e-09	NaN	NaN	NaN	2.0923078e-06	1.886129e-06
0	0	-0.29731107	0	-0.707107	0.707107	0	0.7071073	-0.7071073	0	-0.7071073	-0.70710725	0	0	0	0	-0.08167938	-0.046625722	4.377216e-09	NaN	NaN	NaN	2.0923078e-06	1.8948388e-06
0	0	-0.29731107	0	-0.707107	0.707107	0	0.70710737	-0.70710725	0	-0.70710737	-0.70710737	0	0	0	0	-0.08167938	-0.04662572	4.377216e-09	NaN	NaN	NaN	2.0923078e-06	1.9035484e-06
0	0	-0.29731107	0	-0.707107	0.707107	0	0.70710737	-0.7071073	0	-0.70710737	-0.70710725	0	0	0	0	-0.08167938	-0.046625722	4.377216e-09	NaN	NaN	NaN	2.0923078e-06	1.912258e-06
0	0	-0.29731107	0	-0.70710707	0.707107	0	0.70710737	-0.70710737	0	-0.70710725	-0.70710725	0	0	0	0	-0.081679374	-0.04662572	4.377216e-09	NaN	NaN	NaN	2.0923078e-06	1.9209676e-06
0	0	-0.2973111	0	-0.707107	0.707107	0	0.70710737	-0.7071073	0	-0.70710737	-0.7071073	0	0	0	0	-0.081679374	-0.04662572	4.377216e-09	NaN	NaN	NaN	2.0923078e-06	1.9296774e-06
0	0	-0.29731107	0	-0.707107	0.707107	0	0.7071073	-0.70710737	0	-0.70710737	-0.7071073	0	0	0	0	-0.08167938	-0.04662572	4.377216e-09	NaN	NaN	NaN	2.0923078e-06	1.9383872e-06
0	0	-0.29731107	0	-0.707107	0.707107	0	0.70710737	-0.7071073	0	-0.70710725	-0.70710737	0	0	0	0	-0.08167938	-0.046625722	4.377216e-09	NaN	NaN	NaN	2.0923078e-06	1.9470967e-06
0	0	-0.29731107	0	-0.707107	0.707107	0	0.70710737	-0.7071073	0	-0.70710737	-0.7071073	0	0	0	0	-0.08167938	-0.046625722	4.377216e-09	NaN	NaN	NaN	2.0923078e-06	1.9558065e-06
0	0	-0.29731107	0	-0.707107	0.707107	0	0.70710737	-0.70710737	0	-0.70710737	-0.70710725	0	0	0	0	-0.081679374	-0.04662572	4.377216e-09	NaN	NaN	NaN	2.0923078e-06	1.964516e-06
0	0	-0.29731107	0	-0.707107	0.707107	0	0.70710737	-0.7071073	0	-0.70710725	-0.7071073	0	0	0	0	-0.08167938	-0.04662572	4.377216e-09	NaN	NaN	NaN	2.0923078e-06	1.9732258e-06
0	0	-0.29731107	0	-0.707107	0.707107	0	0.70710737	-0.70710725	0	-0.70710737	-0.70710725	0	0	0	0	-0.08167938	-0.04662572	4.377216e-09	NaN	NaN	NaN	2.0923078e-06	1.9819354e-06
0	0	-0.29731107	0	-0.707107	0.707107	0	0.7071073	-0.70710737	0	-0.70710725	-0.70710737	0	0	0	0	-0.08167938	-0.04662572	4.377216e-09	NaN	NaN	NaN	2.0923078e-06	1.9906452e-06
0	0	-0.29731107	0	-0.707107	0.707107	0	0.70710737	-0.70710725	0	-0.70710737	-0.70710725	0	0	0	0	-0.08167938	-0.04662572	4.377216e-09	NaN	NaN	NaN	2.0923078e-06	1.999355e-06
0	0	-0.29731107	0	-0.707107	0.707107	0	0.7071073	-0.70710737	0	-0.70710737	-0.7071073	0	0	0	0	-0.08167938	-0.046625722	4.377216e-09	NaN	NaN	NaN	2.0923078e-06	2.0080645e-06
0	0	-0.29731107	0	-0.707107	0.707107	0	0.70710737	-0.70710737	0	-0.70710737	-0.7071073	0	0	0	0	-0.08167938	-0.04662572	4.377216e-09	NaN	NaN	NaN	2.0923078e-06	2.0167743e-06
0	0	-0.29731107	0	-0.707107	0.707107	0	0.70710737	-0.7071073	0	-0.7071073	-0.70710725	0	0	0	0	-0.08167938	-0.046625722	4.377216e-09	NaN	NaN	NaN	2.0923078e-06	2.0254838e-06
0	0	-0.2973111	0	-0.707107	0.707107	0	0.70710737	-0.70710737	0	-0.70710737	-0.70710737	0	0	0	0	-0.08167938	-0.046625722	4.377216e-09	NaN	NaN	NaN	2.0923078e-06	2.0341936e-06
0	0	-0.29731107	0	-0.707107	0.707107	0	0.70710737	-0.70710725	0	-0.70710725	-0.7071073	0	0	0	0	-0.08167938	-0.046625722	4.377216e-09	NaN	NaN	NaN	2.0923078e-06	2.0429031e-06
0	0	-0.29731107	0	-0.707107	0.707107	0	0.7071073	-0.70710737	0	-0.70710737	-0.70710737	0	0	0	0	-0.08167938	-0.04662572	4.377216e-09	NaN	NaN	NaN	2.0923078e-06	2.051613e-06
0	0	-0.29731107	0	-0.707107	0.707107	0	0.70710737	-0.7071073	0	-0.70710725	-0.7071073	0	0	0	0	-0.08167938	-0.04662572	4.377216e-09	NaN	NaN	NaN	2.0923078e-06	2.0603227e-06
0	0	-0.29731107	0	-0.707107	0.707107	0	0.70710737	-0.70710737	0	-0.7071073	-0.7071073	0	0	0	0	-0.08167938	-0.046625722	4.377216e-09	NaN	NaN	NaN	2.0923078e-06	2.0690322e-06
0	0	-0.29731107	0	-0.707107	0.707107	0	0.70710737	-0.7071073	0	-0.70710725	-0.70710737	0	0	0	0	-0.081679374	-0.046625722	4.377216e-09	NaN	NaN	NaN	2.0923078e-06	2.077742e-06
0	0	-0.29731107	0	-0.707107	0.707107	0	0.70710737	-0.70710737	0	-0.70710737	-0.70710725	0	0	0	0	-0.081679374	-0.04662572	4.377216e-09	NaN	NaN	NaN	2.0923078e-06	2.0864516e-06
0	0	-0.29731107	0	-0.707107	0.707107	0	0.70710737	-0.7071073	0	-0.7071073	-0.7071073	0	0	0	0	-0.08167938	-0.04662572	4.377216e-09	NaN	NaN	NaN	2.0923078e-06	2.0951613e-06
0	0	-0.29731107	0	-0.707107	0.707107	0	0.7071073	-0.70710737	0	-0.70710725	-0.7071073	0	0	0	0	-0.08167938	-0.046625722	4.377216e-09	NaN	NaN	NaN	2.0923078e-06	2.1038709e-06
0	0	-0.29731107	0	-0.707107	0.707107	0	0.7071073	-0.7071073	0	-0.70710737	-0.70710737	0	0	0	0	-0.08167938	-0.04662572	4.377216e-09	NaN	NaN	NaN	2.0923078e-06	2.1125807e-06
0	0	-0.29731107	0	-0.707107	0.707107	0	0.7071073	-0.70710737	0	-0.70710737	-0.70710725	0	0	0	0	-0.08167938	-0.046625722	4.377216e-09	NaN	NaN	NaN	2.0923078e-06	2.1212904e-06
0	0	-0.29731107	0	-0.707107	0.707107	0	0.70710737	-0.7071073	0	-0.70710737	-0.70710737	0	0	0	0	-0.08167938	-0.04662572	4.377216e-09	NaN	NaN	NaN	2.0923078e-06	2.13e-06
0	0	-0.29731107	0	-0.707107	0.707107	0	0.70710737	-0.7071073	0	-0.70710725	-0.70710725	0	0	0	0	-0.081679374	-0.04662572	4.377216e-09	NaN	NaN	NaN	2.0923078e-06	2.1387098e-06
0	0	-0.29731107	0	-0.707107	0.707107	0	0.7071073	-0.70710737	0	-0.70710737	-0.70710725	0	0	0	0	-0.08167938	-0.04662572	4.377216e-09	NaN	NaN	NaN	2.0923078e-06	2.1474193e-06
0	0	-0.2973111	0	-0.707107	0.707107	0	0.7071073	-0.7071073	0	-0.70710737	-0.70710737	0	0	0	0	-0.08167938	-0.046625722	4.377216e-09	NaN	NaN	NaN	2.0923078e-06	2.156129e-06
0	0	-0.29731107	0	-0.707107	0.707107	0	0.7071073	-0.70710737	0	-0.70710725	-0.7071073	0	0	0	0	-0.08167938	-0.04662572	4.377216e-09	NaN	NaN	NaN	2.0923078e-06	2.1648386e-06
0	0	-0.2973111	0	-0.707107	0.707107	0	0.70710737	-0.7071073	0	-0.70710725	-0.70710737	0	0	0	0	-0.08167938	-0.046625722	4.377216e-09	NaN	NaN	NaN	2.0923078e-06	2.1735484e-06
0	0	-0.29731107	0	-0.707107	0.707107	0	0.70710737	-0.70710737	0	-0.70710725	-0.70710737	0	0	0	0	-0.08167938	-0.04662572	4.377216e-09	NaN	NaN	NaN	2.0923078e-06	2.182258e-06
0	0	-0.29731107	0	-0.707107	0.707107	0	0.7071073	-0.70710737	0	-0.70710737	-0.7071073	0	0	0	0	-0.08167938	-0.04662572	4.377216e-09	NaN	NaN	NaN	2.0923078e-06	2.1909677e-06
0	0	-0.29731107	0	-0.707107	0.707107	0	0.7071073	-0.7071073	0	-0.7071073	-0.70710725	0	0	0	0	-0.08167938	-0.046625722	4.377216e-09	NaN	NaN	NaN	2.0923078e-06	2.1996775e-06
0	0	-0.2973111	0	-0.707107	0.707107	0	0.70710737	-0.70710737	0	-0.70710737	-0.70710725	0	0	0	0	-0.08167938	-0.04662572	4.377216e-09	NaN	NaN	NaN	2.0923078e-06	2.208387e-06
0	0	-0.2973111	0	-0.707107	0.707107	0	0.7071073	-0.7071073	0	-0.70710725	-0.70710737	0	0	0	0	-0.08167938	-0.04662572	4.377216e-09	NaN	NaN	NaN	2.0923078e-06	2.2170968e-06
0	0	-0.29731107	0	-0.707107	0.707107	0	0.7071073	-0.70710737	0	-0.70710737	-0.70710737	0	0	0	0	-0.08167938	-0.046625722	4.377216e-09	NaN	NaN	NaN	2.0923078e-06	2.2258064e-06
0	0	-0.29731107	0	-0.707107	0.707107	0	0.70710737	-0.70710737	0	-0.70710737	-0.70710737	0	0	0	0	-0.08167938	-0.046625722	4.377216e-09	NaN	NaN	NaN	2.0923078e-06	2.2345162e-06
0	0	-0.2973111	0	-0.707107	0.707107	0	0.70710737	-0.70710737	0	-0.70710725	-0.7071073	0	0	0	0	-0.08167938	-0.046625722	4.377216e-09	NaN	NaN	NaN	2.0923078e-06	2.2432257e-06
0	0	-0.2973111	0	-0.707107	0.707107	0	0.70710737	-0.70710737	0	-0.70710737	-0.70710737	0	0	0	0	-0.08167938	-0.04662572	4.377216e-09	NaN	NaN	NaN	2.0923078e-06	2.2519355e-06
0	0	-0.29731107	0	-0.707107	0.707107	0	0.70710725	-0.7071073	0	-0.70710737	-0.70710737	0	0	0	0	-0.08167938	-0.046625722	4.377216e-09	NaN	NaN	NaN	2.0923078e-06	2.2606453e-06
0	0	-0.29731107	0	-0.707107	0.707107	0	0.70710737	-0.7071073	0	-0.70710737	-0.7071073	0	0	0	0	-0.08167938	-0.04662572	4.377216e-09	NaN	NaN	NaN	2.0923078e-06	2.2693548e-06
0	0	-0.29731107	0	-0.707107	0.707107	0	0.7071073	-0.70710737	0	-0.70710737	-0.7071073	0	0	0	0	-0.08167938	-0.04662572	4.377216e-09	NaN	NaN	NaN	2.0923078e-06	2.2780646e-06
0	0	-0.29731107	0	-0.707107	0.707107	0	0.70710737	-0.70710737	0	-0.70710737	-0.70710737	0	0	0	0	-0.081679374	-0.046625722	4.377216e-09	NaN	NaN	NaN	2.0923078e-06	2.2867741e-06
0	0	-0.29731107	0	-0.707107	0.707107	0	0.70710737	-0.70710737	0	-0.70710737	-0.70710725	0	0	0	0	-0.081679374	-0.046625722	4.377216e-09	NaN	NaN	NaN	2.0923078e-06	2.295484e-06
0	0	-0.29731107	0	-0.707107	0.707107	0	0.70710737	-0.70710737	0	-0.70710737	-0.7071073	0	0	0	0	-0.08167938	-0.04662572	4.377216e-09	NaN	NaN	NaN	2.0923078e-06	2.3041935e-06
0	0	-0.29731107	0	-0.707107	0.707107	0	0.70710737	-0.7071073	0	-0.70710737	-0.7071073	0	0	0	0	-0.081679374	-0.04662572	4.377216e-09	NaN	NaN	NaN	2.0923078e-06	2.3129032e-06
0	0	-0.29731107	0	-0.707107	0.707107	0	0.7071073	-0.70710737	0	-0.70710737	-0.7071073	0	0	0	0	-0.081679374	-0.04662572	4.377216e-09	NaN	NaN	NaN	2.0923078e-06	2.321613e-06
0	0	-0.2973111	0	-0.707107	0.707107	0	0.7071073	-0.70710737	0	-0.70710725	-0.70710737	0	0	0	0	-0.081679374	-0.04662572	4.377216e-09	NaN	NaN	NaN	2.0923078e-06	2.3303226e-06
0	0	-0.29731107	0	-0.707107	0.707107	0	0.70710737	-0.70710737	0	-0.70710737	-0.7071073	0	0	0	0	-0.08167938	-0.046625722	4.377216e-09	NaN	NaN	NaN	2.0923078e-06	2.3390323e-06
0	0	-0.29731107	0	-0.707107	0.707107	0	0.7071073	-0.70710725	0	-0.70710737	-0.70710737	0	0	0	0	-0.08167938	-0.046625722	4.377216e-09	NaN	NaN	NaN	2.0923078e-06	2.3477419e-06
0	0	-0.29731107	0	-0.707107	0.707107	0	0.70710737	-0.7071073	0	-0.7071073	-0.70710725	0	0	0	0	-0.081679374	-0.04662572	4.377216e-09	NaN	NaN	NaN	2.0923078e-06	2.3564517e-06
0	0	-0.29731107	0	-0.707107	0.707107	0	0.7071073	-0.7071073	0	-0.70710737	-0.70710725	0	0	0	0	-0.08167938	-0.04662572	4.377216e-09	NaN	NaN	NaN	2.0923078e-06	2.3651612e-06
0	0	-0.29731107	0	-0.707107	0.707107	0	0.7071073	-0.70710725	0	-0.70710737	-0.7071073	0	0	0	0	-0.08167938	-0.046625722	4.377216e-09	NaN	NaN	NaN	2.0923078e-06	2.373871e-06
0	0	-0.29731107	0	-0.707107	0.707107	0	0.7071073	-0.7071073	0	-0.70710737	-0.70710737	0	0	0	0	-0.08167938	-0.046625722	4.377216e-09	NaN	NaN	NaN	2.0923078e-06	2.3825805e-06
0	0	-0.2973111	0	-0.707107	0.707107	0	0.70710737	-0.7071073	0	-0.70710737	-0.70710737	0	0	0	0	-0.081679374	-0.046625722	4.377216e-09	NaN	NaN	NaN	2.0923078e-06	2.3912903e-06
