# t (s)	mx ()	my ()	mz ()	m.region21x ()	m.region21y ()	m.region21z ()	m.region22x ()	m.region22y ()	m.region22z ()	m.region23x ()	m.region23y ()	m.region23z ()	B_extx (T)	B_exty (T)	B_extz (T)	B_eff.region6x (T)	B_eff.region6y (T)	B_eff.region6z (T)	B_eff.region9x (T)	B_eff.region9y (T)	B_eff.region9z (T)	step_x (No unit)	step_y (No unit)
0	0	-0.20758349	0	-0.707107	0.707107	0	0.70710737	-0.70710737	0	-0.70710725	-0.70710725	0	0	0	0	0.08388972	-0.047407087	6.2088173e-10	NaN	NaN	NaN	0	1e-07
0	0	-0.20758349	0	-0.707107	0.707107	0	0.70710737	-0.7071073	0	-0.7071073	-0.70710737	0	0	0	0	0.08220427	-0.050428692	3.197541e-09	NaN	NaN	NaN	7.692308e-09	1e-07
0	0	-0.20758349	0	-0.707107	0.707107	0	0.7071073	-0.7071073	0	-0.7071073	-0.7071073	0	0	0	0	0.07902197	-0.052960135	6.2243393e-09	NaN	NaN	NaN	1.5384616e-08	1e-07
0	0	-0.20758349	0	-0.707107	0.707107	0	0.7071073	-0.70710737	0	-0.70710737	-0.70710725	0	0	0	0	0.074157014	-0.054661024	9.763365e-09	NaN	NaN	NaN	2.3076923e-08	1e-07
0	0	-0.20758349	0	-0.707107	0.707107	0	0.7071073	-0.70710737	0	-0.7071073	-0.7071073	0	0	0	0	0.06754715	-0.05517064	6.767611e-09	NaN	NaN	NaN	3.0769232e-08	1e-07
0	0	-0.20758347	0	-0.707107	0.707107	0	0.70710737	-0.70710737	0	-0.7071073	-0.7071073	0	0	0	0	0.05929215	-0.05420895	6.7365664e-09	NaN	NaN	NaN	3.846154e-08	1e-07
0	0	-0.20758349	0	-0.707107	0.707107	0	0.7071073	-0.70710737	0	-0.70710725	-0.7071073	0	0	0	0	0.049620084	-0.051685777	3.4148495e-09	NaN	NaN	NaN	4.6153847e-08	1e-07
0	0	-0.20758349	0	-0.707107	0.707107	0	0.70710737	-0.70710737	0	-0.70710737	-0.7071073	0	0	0	0	0.03880901	-0.047752492	6.9538753e-09	NaN	NaN	NaN	5.3846154e-08	1e-07
0	0	-0.20758349	0	-0.707107	0.707107	0	0.70710737	-0.70710737	0	-0.70710737	-0.7071073	0	0	0	0	0.027129788	-0.042762995	6.146729e-09	NaN	NaN	NaN	6.1538465e-08	1e-07
0	0	-0.20758349	0	-0.707107	0.707107	0	0.7071073	-0.7071073	0	-0.70710725	-0.70710737	0	0	0	0	0.014838631	-0.037194047	6.0225527e-09	NaN	NaN	NaN	6.923077e-08	1e-07
0	0	-0.20758349	0	-0.707107	0.707107	0	0.70710737	-0.70710725	0	-0.70710737	-0.7071073	0	0	0	0	0.0022011462	-0.031546164	1.8936892e-09	NaN	NaN	NaN	7.692308e-08	1e-07
0	0	-0.20758349	0	-0.707107	0.707107	0	0.70710737	-0.70710737	0	-0.70710737	-0.70710725	0	0	0	0	-0.010492057	-0.02625505	2.7008356e-09	NaN	NaN	NaN	8.461539e-08	1e-07
0	0	-0.20758349	0	-0.707107	0.707107	0	0.70710737	-0.70710725	0	-0.70710725	-0.7071073	0	0	0	0	-0.022938412	-0.021632513	-1.5522043e-09	NaN	NaN	NaN	9.2307694e-08	1e-07
0	0	-0.20758349	0	-0.707107	0.707107	0	0.70710737	-0.70710737	0	-0.70710725	-0.70710737	0	0	0	0	-0.034856103	-0.017849017	-3.7252903e-09	NaN	NaN	NaN	1e-07	1e-07
0	0	-0.20758349	0	-0.707107	0.707107	0	0.70710737	-0.70710737	0	-0.70710737	-0.70710725	0	0	0	0	-0.04601421	-0.014951008	-4.0667754e-09	NaN	NaN	NaN	1.0769231e-07	1e-07
0	0	-0.20758349	0	-0.707107	0.707107	0	0.70710737	-0.70710737	0	-0.70710737	-0.70710737	0	0	0	0	-0.056249604	-0.012895446	-6.2088175e-11	NaN	NaN	NaN	1.15384616e-07	1e-07
0	0	-0.20758349	0	-0.707107	0.707107	0	0.7071073	-0.70710737	0	-0.70710737	-0.70710725	0	0	0	0	-0.0654675	-0.011585639	9.623666e-10	NaN	NaN	NaN	1.2307693e-07	1e-07
0	0	-0.20758349	0	-0.707107	0.707107	0	0.7071073	-0.70710737	0	-0.70710737	-0.7071073	0	0	0	0	-0.07363332	-0.010900426	1.8936892e-09	NaN	NaN	NaN	1.3076924e-07	1e-07
0	0	-0.20758349	0	-0.707107	0.707107	0	0.70710737	-0.70710737	0	-0.70710737	-0.70710725	0	0	0	0	-0.080759265	-0.010714326	1.6453365e-09	NaN	NaN	NaN	1.3846154e-07	1e-07
0	0	-0.20758347	0	-0.707107	0.707107	0	0.70710737	-0.7071073	0	-0.70710737	-0.70710725	0	0	0	0	-0.08689081	-0.010909642	6.3329937e-09	NaN	NaN	NaN	1.4615385e-07	1e-07
0	0	-0.20758349	0	-0.707107	0.707107	0	0.7071073	-0.70710737	0	-0.70710737	-0.70710737	0	0	0	0	-0.09209486	-0.011382455	3.973643e-09	NaN	NaN	NaN	1.5384616e-07	1e-07
0	0	-0.20758349	0	-0.707107	0.707107	0	0.70710737	-0.7071073	0	-0.70710737	-0.70710737	0	0	0	0	-0.09645032	-0.012044772	1.9712993e-09	NaN	NaN	NaN	1.6153847e-07	1e-07
0	0	-0.20758349	0	-0.707107	0.707107	0	0.70710737	-0.7071073	0	-0.7071073	-0.70710737	0	0	0	0	-0.10004171	-0.012824366	-1.102065e-09	NaN	NaN	NaN	1.6923077e-07	1e-07
0	0	-0.20758349	0	-0.707107	0.707107	0	0.70710737	-0.7071073	0	-0.70710737	-0.7071073	0	0	0	0	-0.10295431	-0.013663547	-7.4505807e-10	NaN	NaN	NaN	1.7692308e-07	1e-07
0	0	-0.20758349	0	-0.707107	0.707107	0	0.70710737	-0.7071073	0	-0.7071073	-0.70710725	0	0	0	0	-0.10527108	-0.0145174945	-2.6542692e-09	NaN	NaN	NaN	1.8461539e-07	1e-07
0	0	-0.20758349	0	-0.707107	0.707107	0	0.70710737	-0.70710737	0	-0.70710737	-0.70710737	0	0	0	0	-0.107071295	-0.015352499	-3.7097683e-09	NaN	NaN	NaN	1.923077e-07	1e-07
0	0	-0.20758349	0	-0.707107	0.707107	0	0.7071073	-0.7071073	0	-0.70710725	-0.7071073	0	0	0	0	-0.10842904	-0.016144302	-5.9604646e-09	NaN	NaN	NaN	2e-07	1e-07
0	0	-0.20758349	0	-0.707107	0.707107	0	0.7071073	-0.7071073	0	-0.70710737	-0.70710737	0	0	0	0	-0.10941313	-0.01687662	-3.7718566e-09	NaN	NaN	NaN	2.0769231e-07	1e-07
0	0	-0.20758349	0	-0.707107	0.707107	0	0.70710737	-0.70710725	0	-0.70710737	-0.70710725	0	0	0	0	-0.11008646	-0.017539768	-3.8494665e-09	NaN	NaN	NaN	2.1538462e-07	1e-07
0	0	-0.20758349	0	-0.707107	0.707107	0	0.7071073	-0.70710737	0	-0.70710737	-0.70710737	0	0	0	0	-0.11050659	-0.018129488	-5.09123e-09	NaN	NaN	NaN	2.2307692e-07	1e-07
0	0	-0.20758349	0	-0.707107	0.707107	0	0.70710725	-0.70710737	0	-0.70710737	-0.7071073	0	0	0	0	-0.11072535	-0.018645901	-4.8661604e-09	NaN	NaN	NaN	2.3076923e-07	1e-07
0	0	-0.20758349	0	-0.707107	0.707107	0	0.7071073	-0.70710737	0	-0.70710737	-0.70710737	0	0	0	0	-0.11078953	-0.019092564	-4.4781094e-09	NaN	NaN	NaN	2.3846152e-07	1e-07
0	0	-0.20758349	0	-0.707107	0.707107	0	0.70710737	-0.7071073	0	-0.70710737	-0.7071073	0	0	0	0	-0.11074085	-0.019475687	-5.5491305e-09	NaN	NaN	NaN	2.4615386e-07	1e-07
0	0	-0.20758349	0	-0.707107	0.707107	0	0.70710737	-0.7071073	0	-0.70710737	-0.70710737	0	0	0	0	-0.110616736	-0.019803438	-2.6853135e-09	NaN	NaN	NaN	2.5384617e-07	1e-07
0	0	-0.20758349	0	-0.707107	0.707107	0	0.7071073	-0.70710737	0	-0.70710737	-0.70710725	0	0	0	0	-0.11045023	-0.020085389	-4.40826e-09	NaN	NaN	NaN	2.6153847e-07	1e-07
0	0	-0.20758349	0	-0.707107	0.707107	0	0.70710737	-0.70710737	0	-0.70710725	-0.7071073	0	0	0	0	-0.110270776	-0.020332033	-5.5956964e-09	NaN	NaN	NaN	2.6923078e-07	1e-07
0	0	-0.20758349	0	-0.707107	0.707107	0	0.70710737	-0.7071073	0	-0.70710737	-0.70710737	0	0	0	0	-0.11010434	-0.020554429	-4.71094e-09	NaN	NaN	NaN	2.769231e-07	1e-07
0	0	-0.20758349	0	-0.707107	0.707107	0	0.70710737	-0.70710737	0	-0.70710737	-0.7071073	0	0	0	0	-0.10997371	-0.020763958	-1.3581788e-09	NaN	NaN	NaN	2.846154e-07	1e-07
0	0	-0.20758349	0	-0.707107	0.707107	0	0.70710737	-0.7071073	0	-0.70710725	-0.70710737	0	0	0	0	-0.109899156	-0.020972071	8.420708e-10	NaN	NaN	NaN	2.923077e-07	1e-07
0	0	-0.20758349	0	-0.707107	0.707107	0	0.7071073	-0.70710737	0	-0.70710737	-0.70710725	0	0	0	0	-0.1098985	-0.02119025	2.8754585e-09	NaN	NaN	NaN	3e-07	1e-07
0	0	-0.20758349	0	-0.707107	0.707107	0	0.70710737	-0.70710725	0	-0.70710737	-0.7071073	0	0	0	0	-0.10998715	-0.021429883	2.4912878e-09	NaN	NaN	NaN	3.0769232e-07	1e-07
0	0	-0.20758349	0	-0.707107	0.707107	0	0.70710737	-0.7071073	0	-0.70710737	-0.70710737	0	0	0	0	-0.110178754	-0.02170231	2.0314475e-09	NaN	NaN	NaN	3.1538463e-07	1e-07
0	0	-0.20758349	0	-0.707107	0.707107	0	0.70710725	-0.7071073	0	-0.70710737	-0.70710725	0	0	0	0	-0.110484995	-0.022018788	9.1580055e-10	NaN	NaN	NaN	3.2307693e-07	1e-07
0	0	-0.20758349	0	-0.707107	0.707107	0	0.70710725	-0.70710725	0	-0.70710737	-0.70710725	0	0	0	0	-0.110915944	-0.022390662	1.5606929e-09	NaN	NaN	NaN	3.3076924e-07	1e-07
0	0	-0.20758349	0	-0.707107	0.707107	0	0.70710737	-0.7071073	0	-0.70710737	-0.70710725	0	0	0	0	-0.11147986	-0.022829333	-1.9307662e-09	NaN	NaN	NaN	3.3846155e-07	1e-07
0	0	-0.20758349	0	-0.707107	0.707107	0	0.7071073	-0.70710737	0	-0.7071073	-0.7071073	0	0	0	0	-0.11218324	-0.023346486	-1.1909681e-09	NaN	NaN	NaN	3.4615385e-07	1e-07
0	0	-0.20758349	0	-0.707107	0.707107	0	0.70710737	-0.70710737	0	-0.70710737	-0.7071073	0	0	0	0	-0.113030694	-0.023954097	2.4107674e-10	NaN	NaN	NaN	3.5384616e-07	1e-07
0	0	-0.20758349	0	-0.707107	0.707107	0	0.70710737	-0.7071073	0	-0.70710737	-0.70710737	0	0	0	0	-0.11402453	-0.024664657	1.8325712e-09	NaN	NaN	NaN	3.6153847e-07	1e-07
0	0	-0.20758349	0	-0.707107	0.707107	0	0.70710725	-0.7071073	0	-0.70710725	-0.70710737	0	0	0	0	-0.11516444	-0.025491146	1.3019114e-09	NaN	NaN	NaN	3.6923078e-07	1e-07
0	0	-0.20758349	0	-0.707107	0.707107	0	0.7071073	-0.7071073	0	-0.70710725	-0.70710725	0	0	0	0	-0.11644701	-0.026447171	1.094304e-09	NaN	NaN	NaN	3.7692308e-07	1e-07
0	0	-0.20758349	0	-0.707107	0.707107	0	0.7071073	-0.7071073	0	-0.70710737	-0.70710737	0	0	0	0	-0.11786457	-0.02754682	-1.9169724e-09	NaN	NaN	NaN	3.846154e-07	1e-07
0	0	-0.20758349	0	-0.707107	0.707107	0	0.70710737	-0.7071073	0	-0.70710737	-0.7071073	0	0	0	0	-0.1194045	-0.028804563	-2.3283065e-11	NaN	NaN	NaN	3.923077e-07	1e-07
0	0	-0.20758349	0	-0.707107	0.707107	0	0.7071073	-0.7071073	0	-0.70710737	-0.70710725	0	0	0	0	-0.121047705	-0.03023476	2.894861e-09	NaN	NaN	NaN	4e-07	1e-07
0	0	-0.20758349	0	-0.707107	0.707107	0	0.7071073	-0.7071073	0	-0.70710737	-0.70710725	0	0	0	0	-0.12276702	-0.03185102	1.2495245e-09	NaN	NaN	NaN	4.076923e-07	1e-07
0	0	-0.20758349	0	-0.707107	0.707107	0	0.70710737	-0.70710737	0	-0.70710737	-0.70710725	0	0	0	0	-0.12452503	-0.033665016	2.0721926e-09	NaN	NaN	NaN	4.1538462e-07	1e-07
0	0	-0.20758349	0	-0.707107	0.707107	0	0.70710737	-0.70710725	0	-0.7071073	-0.70710737	0	0	0	0	-0.12627214	-0.03568486	8.614734e-10	NaN	NaN	NaN	4.2307693e-07	1e-07
0	0	-0.20758349	0	-0.707107	0.707107	0	0.7071073	-0.70710737	0	-0.70710725	-0.70710725	0	0	0	0	-0.12794341	-0.037912607	1.4202669e-09	NaN	NaN	NaN	4.3076923e-07	1e-07
0	0	-0.20758349	0	-0.707107	0.707107	0	0.7071073	-0.70710725	0	-0.70710737	-0.70710737	0	0	0	0	-0.1294558	-0.040341057	4.0357312e-10	NaN	NaN	NaN	4.3846154e-07	1e-07
0	0	-0.20758349	0	-0.707107	0.707107	0	0.70710737	-0.7071073	0	-0.70710725	-0.70710737	0	0	0	0	-0.13070485	-0.042949133	1.3814618e-09	NaN	NaN	NaN	4.4615385e-07	1e-07
0	0	-0.20758349	0	-0.707107	0.707107	0	0.70710737	-0.7071073	0	-0.70710725	-0.7071073	0	0	0	0	-0.13156153	-0.045695968	-1.3969839e-10	NaN	NaN	NaN	4.5384616e-07	1e-07
0	0	-0.20758349	0	-0.707107	0.707107	0	0.7071073	-0.7071073	0	-0.70710725	-0.70710725	0	0	0	0	-0.13186964	-0.04851288	-6.2088175e-11	NaN	NaN	NaN	4.6153846e-07	1e-07
0	0	-0.20758349	0	-0.707107	0.707107	0	0.70710737	-0.70710725	0	-0.70710737	-0.70710737	0	0	0	0	-0.1314456	-0.05129336	-1.9868216e-09	NaN	NaN	NaN	4.6923077e-07	1e-07
0	0	-0.20758349	0	-0.707107	0.707107	0	0.7071073	-0.70710737	0	-0.70710737	-0.7071073	0	0	0	0	-0.13008305	-0.05388161	-2.949188e-10	NaN	NaN	NaN	4.7692305e-07	1e-07
0	0	-0.20758349	0	-0.707107	0.707107	0	0.70710737	-0.7071073	0	-0.70710737	-0.7071073	0	0	0	0	-0.1275666	-0.056063496	-1.4280279e-09	NaN	NaN	NaN	4.846154e-07	1e-07
0	0	-0.20758349	0	-0.70710707	0.707107	0	0.7071073	-0.70710737	0	-0.70710737	-0.70710737	0	0	0	0	-0.12369706	-0.057567332	-2.483527e-10	NaN	NaN	NaN	4.923077e-07	1e-07
0	0	-0.20758347	0	-0.707107	0.707107	0	0.70710737	-0.70710725	0	-0.70710737	-0.70710737	0	0	0	0	-0.11832604	-0.058087096	-4.0357313e-09	NaN	NaN	NaN	5e-07	1e-07
0	0	-0.20758347	0	-0.707107	0.707107	0	0.70710737	-0.70710725	0	-0.70710737	-0.70710725	0	0	0	0	-0.11138757	-0.05733605	-6.3640377e-09	NaN	NaN	NaN	5.0769233e-07	1e-07
0	0	-0.20758349	0	-0.707107	0.707107	0	0.7071073	-0.7071073	0	-0.70710737	-0.70710725	0	0	0	0	-0.10290969	-0.05512561	-8.81652e-09	NaN	NaN	NaN	5.153846e-07	1e-07
0	0	-0.20758349	0	-0.707107	0.707107	0	0.70710725	-0.7071073	0	-0.70710737	-0.70710725	0	0	0	0	-0.09300091	-0.05144417	-5.805244e-09	NaN	NaN	NaN	5.2307695e-07	1e-07
0	0	-0.20758349	0	-0.707107	0.707107	0	0.7071073	-0.70710737	0	-0.7071073	-0.70710725	0	0	0	0	-0.08182676	-0.046503495	-6.0535967e-09	NaN	NaN	NaN	5.307692e-07	1e-07
0	0	-0.20758349	0	-0.707107	0.707107	0	0.70710737	-0.7071073	0	-0.70710737	-0.70710737	0	0	0	0	-0.069605775	-0.04072667	-2.4524829e-09	NaN	NaN	NaN	5.3846156e-07	1e-07
0	0	-0.20758349	0	-0.707107	0.707107	0	0.70710737	-0.70710737	0	-0.70710737	-0.70710737	0	0	0	0	-0.056629796	-0.034668203	-4.625569e-09	NaN	NaN	NaN	5.4615384e-07	1e-07
0	0	-0.20758349	0	-0.707107	0.707107	0	0.70710737	-0.70710737	0	-0.70710725	-0.7071073	0	0	0	0	-0.043285295	-0.028880525	-3.7252903e-09	NaN	NaN	NaN	5.538462e-07	1e-07
0	0	-0.20758347	0	-0.707107	0.707107	0	0.7071073	-0.7071073	0	-0.70710737	-0.70710737	0	0	0	0	-0.0300173	-0.023781395	-5.2464504e-09	NaN	NaN	NaN	5.6153846e-07	1e-07
0	0	-0.20758349	0	-0.707107	0.707107	0	0.70710737	-0.7071073	0	-0.70710725	-0.70710725	0	0	0	0	-0.017247267	-0.019589597	-6.2088173e-10	NaN	NaN	NaN	5.692308e-07	1e-07
0	0	-0.20758349	0	-0.707107	0.707107	0	0.70710737	-0.70710737	0	-0.70710737	-0.70710725	0	0	0	0	-0.005304953	-0.016352756	-1.3348956e-09	NaN	NaN	NaN	5.7692307e-07	1e-07
0	0	-0.20758349	0	-0.707107	0.707107	0	0.70710737	-0.70710737	0	-0.70710725	-0.70710737	0	0	0	0	0.0055977	-0.014005593	-2.483527e-10	NaN	NaN	NaN	5.846154e-07	1e-07
0	0	-0.20758349	0	-0.707107	0.707107	0	0.7071073	-0.70710737	0	-0.70710725	-0.7071073	0	0	0	0	0.015354666	-0.012428579	-1.0554989e-09	NaN	NaN	NaN	5.923077e-07	1e-07
0	0	-0.20758349	0	-0.707107	0.707107	0	0.70710737	-0.7071073	0	-0.70710737	-0.70710737	0	0	0	0	0.023938775	-0.011486449	2.20413e-09	NaN	NaN	NaN	6e-07	1e-07
0	0	-0.20758349	0	-0.707107	0.707107	0	0.70710737	-0.7071073	0	-0.70710737	-0.7071073	0	0	0	0	0.03137502	-0.011048377	-3.7252904e-10	NaN	NaN	NaN	6.076923e-07	1e-07
0	0	-0.20758349	0	-0.707107	0.707107	0	0.7071073	-0.7071073	0	-0.70710737	-0.7071073	0	0	0	0	0.037719924	-0.0109969	6.519258e-10	NaN	NaN	NaN	6.1538464e-07	1e-07
0	0	-0.20758347	0	-0.707107	0.707107	0	0.70710737	-0.70710737	0	-0.70710725	-0.7071073	0	0	0	0	0.04304705	-0.011230318	-3.290673e-09	NaN	NaN	NaN	6.230769e-07	1e-07
0	0	-0.20758349	0	-0.707107	0.707107	0	0.70710737	-0.70710737	0	-0.70710737	-0.70710737	0	0	0	0	0.047438063	-0.011662519	-1.8160791e-09	NaN	NaN	NaN	6.3076925e-07	1e-07
0	0	-0.20758349	0	-0.707107	0.707107	0	0.70710737	-0.7071073	0	-0.70710725	-0.70710725	0	0	0	0	0.050977338	-0.012221668	-2.514571e-09	NaN	NaN	NaN	6.3846153e-07	1e-07
0	0	-0.20758349	0	-0.707107	0.707107	0	0.7071073	-0.7071073	0	-0.70710737	-0.70710737	0	0	0	0	0.05374882	-0.012848765	-5.122274e-10	NaN	NaN	NaN	6.4615386e-07	1e-07
0	0	-0.20758349	0	-0.707107	0.707107	0	0.70710737	-0.70710725	0	-0.70710725	-0.70710737	0	0	0	0	0.05583393	-0.013496279	-6.674478e-10	NaN	NaN	NaN	6.5384614e-07	1e-07
0	0	-0.20758349	0	-0.707107	0.707107	0	0.70710737	-0.7071073	0	-0.70710737	-0.7071073	0	0	0	0	0.057310414	-0.014126825	1.5056382e-09	NaN	NaN	NaN	6.615385e-07	1e-07
0	0	-0.20758349	0	-0.707107	0.707107	0	0.70710737	-0.7071073	0	-0.70710725	-0.70710725	0	0	0	0	0.058251575	-0.014712032	1.5677263e-09	NaN	NaN	NaN	6.6923076e-07	1e-07
0	0	-0.20758349	0	-0.707107	0.707107	0	0.7071073	-0.70710737	0	-0.70710725	-0.70710725	0	0	0	0	0.058725826	-0.015231336	9.313226e-11	NaN	NaN	NaN	6.769231e-07	1e-07
0	0	-0.20758349	0	-0.707107	0.707107	0	0.70710725	-0.70710737	0	-0.70710737	-0.70710737	0	0	0	0	0.05879612	-0.015670942	-1.086543e-10	NaN	NaN	NaN	6.846154e-07	1e-07
0	0	-0.20758349	0	-0.707107	0.707107	0	0.7071073	-0.7071073	0	-0.70710725	-0.7071073	0	0	0	0	0.058520295	-0.016022732	1.8160791e-09	NaN	NaN	NaN	6.923077e-07	1e-07
0	0	-0.20758349	0	-0.707107	0.707107	0	0.70710737	-0.70710737	0	-0.70710737	-0.70710725	0	0	0	0	0.05795051	-0.01628328	2.1265198e-09	NaN	NaN	NaN	7e-07	1e-07
0	0	-0.20758349	0	-0.707107	0.707107	0	0.70710737	-0.7071073	0	-0.70710737	-0.70710737	0	0	0	0	0.057133608	-0.016452888	-2.7939678e-10	NaN	NaN	NaN	7.076923e-07	1e-07
0	0	-0.20758349	0	-0.707107	0.707107	0	0.70710737	-0.7071073	0	-0.70710725	-0.70710725	0	0	0	0	0.056111503	-0.016534762	-1.6996637e-09	NaN	NaN	NaN	7.153846e-07	1e-07
0	0	-0.20758347	0	-0.707107	0.707107	0	0.70710737	-0.70710737	0	-0.70710737	-0.70710737	0	0	0	0	0.05492108	-0.016534237	-2.0799538e-09	NaN	NaN	NaN	7.2307694e-07	1e-07
0	0	-0.20758349	0	-0.707107	0.707107	0	0.70710737	-0.7071073	0	-0.70710737	-0.70710737	0	0	0	0	0.053594742	-0.016458128	-3.7873784e-09	NaN	NaN	NaN	7.307692e-07	1e-07
0	0	-0.20758349	0	-0.707107	0.707107	0	0.70710737	-0.7071073	0	-0.70710737	-0.70710725	0	0	0	0	0.05216072	-0.016314173	-1.6298145e-09	NaN	NaN	NaN	7.3846155e-07	1e-07
0	0	-0.20758349	0	-0.707107	0.707107	0	0.70710737	-0.7071073	0	-0.70710737	-0.7071073	0	0	0	0	0.05064342	-0.016110588	-1.5289212e-09	NaN	NaN	NaN	7.4615383e-07	1e-07
0	0	-0.20758349	0	-0.707107	0.707107	0	0.70710737	-0.70710725	0	-0.70710725	-0.7071073	0	0	0	0	0.04906398	-0.01585569	3.337239e-10	NaN	NaN	NaN	7.5384617e-07	1e-07
0	0	-0.20758349	0	-0.707107	0.707107	0	0.7071073	-0.7071073	0	-0.70710737	-0.70710737	0	0	0	0	0.04744016	-0.015557649	1.5522044e-11	NaN	NaN	NaN	7.6153844e-07	1e-07
0	0	-0.20758349	0	-0.707107	0.707107	0	0.70710737	-0.70710737	0	-0.70710737	-0.70710737	0	0	0	0	0.045787368	-0.015224257	1.3504178e-09	NaN	NaN	NaN	7.692308e-07	1e-07
0	0	-0.20758349	0	-0.707107	0.707107	0	0.70710737	-0.70710737	0	-0.70710725	-0.70710737	0	0	0	0	0.04411834	-0.014862812	9.390836e-10	NaN	NaN	NaN	7.7692306e-07	1e-07
0	0	-0.20758349	0	-0.707107	0.707107	0	0.7071073	-0.70710737	0	-0.70710737	-0.70710737	0	0	0	0	0.042443894	-0.014480015	2.9181442e-09	NaN	NaN	NaN	7.846154e-07	1e-07
0	0	-0.20758349	0	-0.707107	0.707107	0	0.70710737	-0.7071073	0	-0.70710737	-0.7071073	0	0	0	0	0.04077289	-0.014081928	1.4668331e-09	NaN	NaN	NaN	7.923077e-07	1e-07
0	0	-0.20758349	0	-0.707107	0.707107	0	0.70710737	-0.7071073	0	-0.70710737	-0.7071073	0	0	0	0	0.039112605	-0.013673956	5.9759864e-10	NaN	NaN	NaN	8e-07	1e-07
0	0	-0.20758349	0	-0.707107	0.707107	0	0.70710737	-0.7071073	0	-0.70710737	-0.70710725	0	0	0	0	0.037469033	-0.013260853	-9.701276e-10	NaN	NaN	NaN	8.076923e-07	1e-07
0	0	-0.20758349	0	-0.707107	0.707107	0	0.70710737	-0.70710737	0	-0.7071073	-0.70710725	0	0	0	0	0.03584695	-0.012846756	5.083469e-10	NaN	NaN	NaN	8.153846e-07	1e-07
0	0	-0.20758349	0	-0.707107	0.707107	0	0.7071073	-0.70710725	0	-0.70710737	-0.70710725	0	0	0	0	0.034250002	-0.012435217	1.6375755e-09	NaN	NaN	NaN	8.230769e-07	1e-07
0	0	-0.20758349	0	-0.707107	0.707107	0	0.70710737	-0.70710737	0	-0.70710725	-0.70710725	0	0	0	0	0.03268103	-0.0120292455	1.4939966e-09	NaN	NaN	NaN	8.3076924e-07	1e-07
0	0	-0.20758349	0	-0.707107	0.707107	0	0.70710725	-0.7071073	0	-0.70710725	-0.7071073	0	0	0	0	0.031142147	-0.011631364	7.761022e-11	NaN	NaN	NaN	8.384615e-07	1e-07
0	0	-0.20758347	0	-0.707107	0.707107	0	0.70710737	-0.70710725	0	-0.70710737	-0.7071073	0	0	0	0	0.029634906	-0.011243648	1.7811544e-09	NaN	NaN	NaN	8.4615385e-07	1e-07
0	0	-0.20758349	0	-0.707107	0.707107	0	0.7071073	-0.7071073	0	-0.70710737	-0.70710725	0	0	0	0	0.028160071	-0.010867793	6.480453e-10	NaN	NaN	NaN	8.5384613e-07	1e-07
0	0	-0.20758347	0	-0.707107	0.707107	0	0.7071073	-0.70710737	0	-0.70710737	-0.70710725	0	0	0	0	0.026718115	-0.010505141	1.3504178e-09	NaN	NaN	NaN	8.6153847e-07	1e-07
0	0	-0.20758349	0	-0.707107	0.707107	0	0.7071073	-0.70710737	0	-0.70710725	-0.70710737	0	0	0	0	0.025309166	-0.010156747	4.0357312e-10	NaN	NaN	NaN	8.6923075e-07	1e-07
0	0	-0.20758349	0	-0.707107	0.707107	0	0.70710737	-0.7071073	0	-0.70710725	-0.70710737	0	0	0	0	0.023932904	-0.0098234	2.2895013e-09	NaN	NaN	NaN	8.769231e-07	1e-07
0	0	-0.20758349	0	-0.707107	0.707107	0	0.70710737	-0.70710737	0	-0.7071073	-0.70710737	0	0	0	0	0.022588776	-0.0095056845	9.526654e-10	NaN	NaN	NaN	8.8461536e-07	1e-07
0	0	-0.20758349	0	-0.707107	0.707107	0	0.70710737	-0.7071073	0	-0.70710737	-0.70710725	0	0	0	0	0.021276051	-0.009203989	1.2126596e-09	NaN	NaN	NaN	8.923077e-07	1e-07
0	0	-0.20758349	0	-0.707107	0.707107	0	0.70710737	-0.70710737	0	-0.70710737	-0.7071073	0	0	0	0	0.019993735	-0.008918565	4.4431847e-10	NaN	NaN	NaN	9e-07	1e-07
0	0	-0.20758349	0	-0.707107	0.707107	0	0.7071073	-0.7071073	0	-0.70710725	-0.70710737	0	0	0	0	0.018740768	-0.008649525	1.3775812e-10	NaN	NaN	NaN	9.076923e-07	1e-07
0	0	-0.20758349	0	-0.707107	0.707107	0	0.70710737	-0.70710737	0	-0.70710737	-0.7071073	0	0	0	0	0.017515827	-0.008396897	-2.4272595e-09	NaN	NaN	NaN	9.153846e-07	1e-07
0	0	-0.20758349	0	-0.707107	0.707107	0	0.7071073	-0.7071073	0	-0.7071073	-0.7071073	0	0	0	0	0.016317658	-0.008160612	-1.9208528e-09	NaN	NaN	NaN	9.230769e-07	1e-07
0	0	-0.20758349	0	-0.707107	0.707107	0	0.7071073	-0.70710725	0	-0.70710725	-0.70710737	0	0	0	0	0.01514475	-0.007940558	-4.5498987e-09	NaN	NaN	NaN	9.307692e-07	1e-07
0	0	-0.20758349	0	-0.707107	0.707107	0	0.7071073	-0.70710737	0	-0.70710737	-0.7071073	0	0	0	0	0.013995705	-0.0077365553	-4.4878106e-09	NaN	NaN	NaN	9.3846154e-07	1e-07
0	0	-0.20758347	0	-0.707107	0.707107	0	0.70710737	-0.7071073	0	-0.70710737	-0.70710737	0	0	0	0	0.012868914	-0.0075484165	-5.683008e-09	NaN	NaN	NaN	9.461538e-07	1e-07
0	0	-0.20758349	0	-0.707107	0.707107	0	0.7071073	-0.70710725	0	-0.70710737	-0.70710725	0	0	0	0	0.011762845	-0.007375913	-3.0345595e-09	NaN	NaN	NaN	9.538461e-07	1e-07
0	0	-0.20758349	0	-0.707107	0.707107	0	0.70710737	-0.7071073	0	-0.7071073	-0.7071073	0	0	0	0	0.010675849	-0.0072188224	-2.1924886e-09	NaN	NaN	NaN	9.615385e-07	1e-07
0	0	-0.20758349	0	-0.707107	0.707107	0	0.70710737	-0.7071073	0	-0.70710737	-0.7071073	0	0	0	0	0.009606367	-0.0070769023	-1.2301219e-09	NaN	NaN	NaN	9.692308e-07	1e-07
0	0	-0.20758349	0	-0.707107	0.707107	0	0.7071073	-0.7071073	0	-0.70710737	-0.70710737	0	0	0	0	0.008552658	-0.0069499295	-2.225473e-09	NaN	NaN	NaN	9.76923e-07	1e-07
0	0	-0.20758349	0	-0.707107	0.707107	0	0.70710737	-0.7071073	0	-0.70710737	-0.7071073	0	0	0	0	0.007513106	-0.006837678	-1.8354815e-09	NaN	NaN	NaN	9.846154e-07	1e-07
0	0	-0.20758349	0	-0.707107	0.707107	0	0.70710737	-0.7071073	0	-0.7071073	-0.70710737	0	0	0	0	0.0064860904	-0.006739945	-7.528191e-10	NaN	NaN	NaN	9.923077e-07	1e-07
0	0	-0.20758349	0	-0.707107	0.707107	0	0.70710737	-0.70710737	0	-0.70710737	-0.7071073	0	0	0	0	0.0054698805	-0.0066565406	2.363231e-09	NaN	NaN	NaN	1e-06	1e-07
0	0	-0.20758349	0	-0.707107	0.707107	0	0.7071073	-0.70710737	0	-0.70710737	-0.7071073	0	0	0	0	0.0044628545	-0.006587301	3.1102294e-09	NaN	NaN	NaN	1.0076923e-06	1e-07
0	0	-0.20758349	0	-0.707107	0.707107	0	0.70710737	-0.70710737	0	-0.70710725	-0.70710725	0	0	0	0	0.00346336	-0.0065320823	3.1044085e-09	NaN	NaN	NaN	1.0153847e-06	1e-07
0	0	-0.20758349	0	-0.707107	0.707107	0	0.70710737	-0.70710737	0	-0.7071073	-0.7071073	0	0	0	0	0.0024696193	-0.006490773	1.1078858e-09	NaN	NaN	NaN	1.023077e-06	1e-07
0	0	-0.20758349	0	-0.707107	0.707107	0	0.70710737	-0.70710737	0	-0.7071073	-0.7071073	0	0	0	0	0.0014801244	-0.0064632827	-9.934108e-10	NaN	NaN	NaN	1.0307692e-06	1e-07
0	0	-0.20758349	0	-0.707107	0.707107	0	0.70710737	-0.7071073	0	-0.70710725	-0.70710725	0	0	0	0	0.000493098	-0.006449553	-1.6589183e-09	NaN	NaN	NaN	1.0384615e-06	1e-07
0	0	-0.20758349	0	-0.707107	0.707107	0	0.7071073	-0.70710737	0	-0.70710737	-0.70710737	0	0	0	0	NaN	NaN	NaN	NaN	NaN	NaN	1.0461539e-06	1e-07
0	0	-0.20758349	0	-0.707107	0.707107	0	0.70710737	-0.7071073	0	-0.70710725	-0.70710725	0	0	0	0	-0.0004930926	-0.0064495527	-3.5506673e-10	NaN	NaN	NaN	1.0538462e-06	1e-07
0	0	-0.20758349	0	-0.707107	0.707107	0	0.7071073	-0.70710737	0	-0.70710737	-0.70710737	0	0	0	0	-0.0014801208	-0.0064632813	-5.646143e-10	NaN	NaN	NaN	1.0615385e-06	1e-07
0	0	-0.20758349	0	-0.707107	0.707107	0	0.70710737	-0.7071073	0	-0.70710725	-0.70710737	0	0	0	0	-0.0024696316	-0.006490772	-6.2088173e-10	NaN	NaN	NaN	1.0692307e-06	1e-07
0	0	-0.20758349	0	-0.707107	0.707107	0	0.70710725	-0.70710737	0	-0.70710737	-0.70710737	0	0	0	0	-0.0034633311	-0.0065320795	-3.2499277e-09	NaN	NaN	NaN	1.0769231e-06	1e-07
0	0	-0.20758349	0	-0.707107	0.707107	0	0.70710737	-0.7071073	0	-0.70710737	-0.70710737	0	0	0	0	-0.004462847	-0.0065872963	-3.1587357e-09	NaN	NaN	NaN	1.0846154e-06	1e-07
0	0	-0.20758349	0	-0.707107	0.707107	0	0.70710737	-0.70710725	0	-0.70710737	-0.7071073	0	0	0	0	-0.0054698987	-0.0066565345	-4.0978194e-09	NaN	NaN	NaN	1.0923077e-06	1e-07
0	0	-0.20758349	0	-0.70710707	0.707107	0	0.70710737	-0.70710737	0	-0.70710737	-0.7071073	0	0	0	0	-0.006486093	-0.006739938	-2.339948e-09	NaN	NaN	NaN	1.1e-06	1e-07
0	0	-0.20758347	0	-0.707107	0.707107	0	0.7071073	-0.7071073	0	-0.7071073	-0.70710737	0	0	0	0	-0.0075131077	-0.006837673	-1.4668331e-09	NaN	NaN	NaN	1.1076924e-06	1e-07
0	0	-0.20758349	0	-0.70710707	0.707107	0	0.70710737	-0.70710737	0	-0.70710737	-0.70710737	0	0	0	0	-0.008552644	-0.0069499244	-7.178945e-11	NaN	NaN	NaN	1.1153846e-06	1e-07
0	0	-0.20758347	0	-0.707107	0.707107	0	0.7071073	-0.7071073	0	-0.70710737	-0.70710725	0	0	0	0	-0.009606328	-0.007076901	5.9759864e-10	NaN	NaN	NaN	1.1230769e-06	1e-07
0	0	-0.20758349	0	-0.707107	0.707107	0	0.70710737	-0.70710737	0	-0.70710737	-0.70710737	0	0	0	0	-0.010675858	-0.0072188205	2.9220246e-09	NaN	NaN	NaN	1.1307692e-06	1e-07
0	0	-0.20758349	0	-0.707107	0.707107	0	0.7071073	-0.70710737	0	-0.70710737	-0.70710725	0	0	0	0	-0.011762847	-0.007375916	2.4893476e-09	NaN	NaN	NaN	1.1384616e-06	1e-07
0	0	-0.20758349	0	-0.707107	0.707107	0	0.7071073	-0.70710725	0	-0.70710737	-0.7071073	0	0	0	0	-0.012868897	-0.007548414	2.4893476e-09	NaN	NaN	NaN	1.1461539e-06	1e-07
0	0	-0.20758349	0	-0.707107	0.707107	0	0.7071073	-0.70710737	0	-0.70710737	-0.7071073	0	0	0	0	-0.013995715	-0.0077365567	2.1847275e-09	NaN	NaN	NaN	1.1538461e-06	1e-07
0	0	-0.20758349	0	-0.707107	0.707107	0	0.70710737	-0.70710725	0	-0.70710737	-0.70710725	0	0	0	0	-0.01514476	-0.007940551	1.6414561e-09	NaN	NaN	NaN	1.1615384e-06	1e-07
0	0	-0.20758349	0	-0.707107	0.707107	0	0.70710737	-0.7071073	0	-0.70710725	-0.70710737	0	0	0	0	-0.016317658	-0.008160613	2.4971087e-09	NaN	NaN	NaN	1.1692308e-06	1e-07
0	0	-0.20758349	0	-0.707107	0.707107	0	0.7071073	-0.7071073	0	-0.7071073	-0.70710737	0	0	0	0	-0.017515844	-0.008396892	1.1816155e-09	NaN	NaN	NaN	1.1769231e-06	1e-07
0	0	-0.20758349	0	-0.707107	0.707107	0	0.7071073	-0.70710737	0	-0.7071073	-0.70710737	0	0	0	0	-0.018740755	-0.008649524	1.5599653e-09	NaN	NaN	NaN	1.1846154e-06	1e-07
0	0	-0.20758349	0	-0.707107	0.707107	0	0.7071073	-0.70710737	0	-0.70710737	-0.70710725	0	0	0	0	-0.019993752	-0.008918557	9.371434e-10	NaN	NaN	NaN	1.1923076e-06	1e-07
0	0	-0.20758349	0	-0.707107	0.707107	0	0.7071073	-0.7071073	0	-0.70710725	-0.7071073	0	0	0	0	-0.02127607	-0.009203984	2.4447216e-10	NaN	NaN	NaN	1.2e-06	1e-07
0	0	-0.20758349	0	-0.707107	0.707107	0	0.70710737	-0.7071073	0	-0.70710737	-0.70710725	0	0	0	0	-0.022588769	-0.009505675	4.346172e-10	NaN	NaN	NaN	1.2076923e-06	1e-07
0	0	-0.20758349	0	-0.707107	0.707107	0	0.7071073	-0.70710737	0	-0.70710737	-0.70710737	0	0	0	0	-0.023932874	-0.009823396	3.3333587e-09	NaN	NaN	NaN	1.2153846e-06	1e-07
0	0	-0.20758349	0	-0.707107	0.707107	0	0.70710737	-0.70710737	0	-0.70710737	-0.7071073	0	0	0	0	-0.025309185	-0.0101567395	3.1587357e-09	NaN	NaN	NaN	1.2230769e-06	1e-07
0	0	-0.20758349	0	-0.707107	0.707107	0	0.70710737	-0.70710725	0	-0.70710737	-0.7071073	0	0	0	0	-0.026718132	-0.010505139	4.8040723e-09	NaN	NaN	NaN	1.2307693e-06	1e-07
0	0	-0.20758347	0	-0.707107	0.707107	0	0.70710737	-0.70710737	0	-0.70710725	-0.70710725	0	0	0	0	-0.028160036	-0.010867788	2.832773e-09	NaN	NaN	NaN	1.2384616e-06	1e-07
0	0	-0.20758347	0	-0.707107	0.707107	0	0.70710737	-0.70710737	0	-0.70710725	-0.70710737	0	0	0	0	-0.02963489	-0.011243646	3.857228e-09	NaN	NaN	NaN	1.2461538e-06	1e-07
0	0	-0.20758349	0	-0.707107	0.707107	0	0.70710737	-0.70710737	0	-0.70710737	-0.70710737	0	0	0	0	-0.0311422	-0.011631361	1.9324944e-09	NaN	NaN	NaN	1.2538461e-06	1e-07
0	0	-0.20758349	0	-0.707107	0.707107	0	0.70710737	-0.70710737	0	-0.70710737	-0.70710725	0	0	0	0	-0.032681033	-0.012029244	2.8250118e-09	NaN	NaN	NaN	1.2615385e-06	1e-07
0	0	-0.20758349	0	-0.707107	0.707107	0	0.7071073	-0.70710737	0	-0.70710737	-0.70710725	0	0	0	0	-0.034249954	-0.012435211	8.0326573e-10	NaN	NaN	NaN	1.2692308e-06	1e-07
0	0	-0.20758349	0	-0.707107	0.707107	0	0.7071073	-0.70710737	0	-0.7071073	-0.70710737	0	0	0	0	-0.03584691	-0.012846752	2.530093e-09	NaN	NaN	NaN	1.2769231e-06	1e-07
0	0	-0.20758349	0	-0.707107	0.707107	0	0.7071073	-0.70710737	0	-0.70710737	-0.70710737	0	0	0	0	-0.037469063	-0.013260846	-1.9635384e-09	NaN	NaN	NaN	1.2846153e-06	1e-07
0	0	-0.20758349	0	-0.707107	0.707107	0	0.7071073	-0.70710737	0	-0.70710737	-0.70710737	0	0	0	0	-0.039112583	-0.01367395	-5.898376e-10	NaN	NaN	NaN	1.2923077e-06	1e-07
0	0	-0.20758349	0	-0.707107	0.707107	0	0.70710737	-0.70710737	0	-0.70710737	-0.70710725	0	0	0	0	-0.040772866	-0.014081921	-2.4951683e-09	NaN	NaN	NaN	1.3e-06	1e-07
0	0	-0.20758349	0	-0.707107	0.707107	0	0.70710737	-0.70710737	0	-0.70710737	-0.70710725	0	0	0	0	-0.042443883	-0.01448001	7.21775e-10	NaN	NaN	NaN	1.3076923e-06	1e-07
0	0	-0.20758349	0	-0.707107	0.707107	0	0.7071073	-0.70710737	0	-0.70710737	-0.7071073	0	0	0	0	-0.04411836	-0.014862807	-5.743156e-10	NaN	NaN	NaN	1.3153846e-06	1e-07
0	0	-0.20758349	0	-0.707107	0.707107	0	0.70710737	-0.70710737	0	-0.7071073	-0.7071073	0	0	0	0	-0.045787383	-0.015224251	2.3283065e-11	NaN	NaN	NaN	1.323077e-06	1e-07
0	0	-0.20758349	0	-0.707107	0.707107	0	0.70710737	-0.70710737	0	-0.70710737	-0.70710725	0	0	0	0	-0.047440145	-0.015557642	-2.8094898e-09	NaN	NaN	NaN	1.3307692e-06	1e-07
0	0	-0.20758349	0	-0.707107	0.707107	0	0.7071073	-0.7071073	0	-0.70710737	-0.70710725	0	0	0	0	-0.04906393	-0.015855687	-5.9759864e-10	NaN	NaN	NaN	1.3384615e-06	1e-07
0	0	-0.20758349	0	-0.707107	0.707107	0	0.7071073	-0.70710737	0	-0.7071073	-0.70710725	0	0	0	0	-0.050643437	-0.016110582	-1.4668331e-09	NaN	NaN	NaN	1.3461538e-06	1e-07
0	0	-0.20758349	0	-0.707107	0.707107	0	0.7071073	-0.70710725	0	-0.70710725	-0.70710725	0	0	0	0	-0.052160725	-0.016314171	-1.9169724e-09	NaN	NaN	NaN	1.3538462e-06	1e-07
0	0	-0.20758349	0	-0.707107	0.707107	0	0.70710737	-0.7071073	0	-0.70710737	-0.70710725	0	0	0	0	-0.05359472	-0.016458124	-4.346172e-09	NaN	NaN	NaN	1.3615385e-06	1e-07
0	0	-0.20758349	0	-0.707107	0.707107	0	0.70710737	-0.70710737	0	-0.70710725	-0.70710725	0	0	0	0	-0.05492107	-0.016534233	-1.3038516e-09	NaN	NaN	NaN	1.3692307e-06	1e-07
0	0	-0.20758349	0	-0.707107	0.707107	0	0.7071073	-0.70710737	0	-0.70710737	-0.70710725	0	0	0	0	-0.05611151	-0.016534753	-1.8704063e-09	NaN	NaN	NaN	1.376923e-06	1e-07
0	0	-0.20758349	0	-0.707107	0.707107	0	0.70710737	-0.70710737	0	-0.70710737	-0.70710725	0	0	0	0	-0.057133637	-0.01645288	4.656613e-11	NaN	NaN	NaN	1.3846154e-06	1e-07
0	0	-0.20758349	0	-0.707107	0.707107	0	0.70710737	-0.7071073	0	-0.70710737	-0.7071073	0	0	0	0	-0.057950485	-0.016283272	-2.902622e-09	NaN	NaN	NaN	1.3923077e-06	1e-07
0	0	-0.20758349	0	-0.707107	0.707107	0	0.70710725	-0.70710737	0	-0.70710737	-0.70710725	0	0	0	0	-0.05852026	-0.016022725	1.5832484e-09	NaN	NaN	NaN	1.4e-06	1e-07
0	0	-0.20758349	0	-0.707107	0.707107	0	0.7071073	-0.7071073	0	-0.70710725	-0.70710725	0	0	0	0	-0.05879617	-0.015670933	-1.1951973e-09	NaN	NaN	NaN	1.4076923e-06	1e-07
0	0	-0.20758349	0	-0.707107	0.707107	0	0.70710737	-0.70710725	0	-0.70710737	-0.7071073	0	0	0	0	-0.058725808	-0.01523133	1.0089328e-09	NaN	NaN	NaN	1.4153846e-06	1e-07
0	0	-0.20758349	0	-0.707107	0.707107	0	0.7071073	-0.70710737	0	-0.70710737	-0.70710725	0	0	0	0	-0.05825156	-0.0147120245	-7.761021e-10	NaN	NaN	NaN	1.4230769e-06	1e-07
0	0	-0.20758349	0	-0.707107	0.707107	0	0.7071073	-0.70710737	0	-0.70710737	-0.70710725	0	0	0	0	-0.057310387	-0.014126828	1.0710209e-09	NaN	NaN	NaN	1.4307692e-06	1e-07
0	0	-0.20758349	0	-0.707107	0.707107	0	0.70710737	-0.7071073	0	-0.70710737	-0.70710725	0	0	0	0	-0.05583395	-0.013496276	-4.967054e-10	NaN	NaN	NaN	1.4384616e-06	1e-07
0	0	-0.20758349	0	-0.707107	0.707107	0	0.7071073	-0.70710737	0	-0.70710725	-0.70710737	0	0	0	0	-0.05374885	-0.012848767	2.2817404e-09	NaN	NaN	NaN	1.4461539e-06	1e-07
0	0	-0.20758349	0	-0.707107	0.707107	0	0.7071073	-0.70710725	0	-0.70710737	-0.7071073	0	0	0	0	-0.05097736	-0.012221664	1.0089328e-09	NaN	NaN	NaN	1.4538462e-06	1e-07
0	0	-0.20758349	0	-0.707107	0.707107	0	0.7071073	-0.70710737	0	-0.70710725	-0.70710737	0	0	0	0	-0.047438063	-0.01166252	2.8560558e-09	NaN	NaN	NaN	1.4615384e-06	1e-07
0	0	-0.20758349	0	-0.707107	0.707107	0	0.70710737	-0.7071073	0	-0.7071073	-0.7071073	0	0	0	0	-0.04304707	-0.01123032	-1.4590721e-09	NaN	NaN	NaN	1.4692308e-06	1e-07
0	0	-0.20758349	0	-0.707107	0.707107	0	0.7071073	-0.70710737	0	-0.70710737	-0.70710725	0	0	0	0	-0.03771995	-0.010996896	-1.5522043e-09	NaN	NaN	NaN	1.4769231e-06	1e-07
0	0	-0.20758349	0	-0.707107	0.707107	0	0.70710737	-0.7071073	0	-0.70710725	-0.70710737	0	0	0	0	-0.03137503	-0.011048387	-3.6942462e-09	NaN	NaN	NaN	1.4846154e-06	1e-07
0	0	-0.20758347	0	-0.707107	0.707107	0	0.70710737	-0.7071073	0	-0.70710737	-0.70710725	0	0	0	0	-0.023938766	-0.011486439	-4.967054e-10	NaN	NaN	NaN	1.4923077e-06	1e-07
0	0	-0.20758349	0	-0.707107	0.707107	0	0.70710737	-0.7071073	0	-0.7071073	-0.7071073	0	0	0	0	-0.015354662	-0.01242859	-1.9557773e-09	NaN	NaN	NaN	1.5e-06	1e-07
0	0	-0.20758349	0	-0.707107	0.707107	0	0.7071073	-0.7071073	0	-0.70710737	-0.7071073	0	0	0	0	-0.0055977176	-0.014005584	-1.3038516e-09	NaN	NaN	NaN	1.5076923e-06	1e-07
0	0	-0.20758349	0	-0.707107	0.707107	0	0.70710737	-0.70710737	0	-0.7071073	-0.7071073	0	0	0	0	0.0053049535	-0.016352775	-4.1909516e-09	NaN	NaN	NaN	1.5153846e-06	1e-07
0	0	-0.20758349	0	-0.707107	0.707107	0	0.70710737	-0.70710737	0	-0.70710725	-0.70710737	0	0	0	0	0.01724727	-0.019589595	1.3659398e-09	NaN	NaN	NaN	1.5230769e-06	1e-07
0	0	-0.20758349	0	-0.707107	0.707107	0	0.70710737	-0.7071073	0	-0.70710737	-0.7071073	0	0	0	0	0.030017257	-0.023781419	-9.934108e-10	NaN	NaN	NaN	1.5307693e-06	1e-07
0	0	-0.20758349	0	-0.707107	0.707107	0	0.70710737	-0.7071073	0	-0.70710737	-0.70710737	0	0	0	0	0.04328527	-0.028880527	-3.4148495e-10	NaN	NaN	NaN	1.5384616e-06	1e-07
0	0	-0.20758349	0	-0.707107	0.707107	0	0.70710737	-0.70710725	0	-0.70710725	-0.70710725	0	0	0	0	0.056629796	-0.034668222	-1.4590721e-09	NaN	NaN	NaN	1.5461538e-06	1e-07
0	0	-0.20758349	0	-0.707107	0.707107	0	0.7071073	-0.7071073	0	-0.70710737	-0.70710737	0	0	0	0	0.069605805	-0.040726677	1.2728075e-09	NaN	NaN	NaN	1.5538461e-06	1e-07
0	0	-0.20758349	0	-0.707107	0.707107	0	0.7071073	-0.7071073	0	-0.70710725	-0.7071073	0	0	0	0	0.08182678	-0.046503503	8.381903e-10	NaN	NaN	NaN	1.5615385e-06	1e-07
0	0	-0.20758349	0	-0.707107	0.707107	0	0.70710737	-0.70710737	0	-0.70710737	-0.70710737	0	0	0	0	0.093000956	-0.05144418	1.6763806e-09	NaN	NaN	NaN	1.5692308e-06	1e-07
0	0	-0.20758349	0	-0.707107	0.707107	0	0.70710737	-0.70710725	0	-0.70710737	-0.70710725	0	0	0	0	0.10290968	-0.055125613	-1.5832484e-09	NaN	NaN	NaN	1.5769231e-06	1e-07
0	0	-0.20758349	0	-0.707107	0.707107	0	0.7071073	-0.70710737	0	-0.70710737	-0.70710737	0	0	0	0	0.111387536	-0.05733607	-2.2662183e-09	NaN	NaN	NaN	1.5846153e-06	1e-07
0	0	-0.20758349	0	-0.707107	0.707107	0	0.70710737	-0.7071073	0	-0.70710737	-0.7071073	0	0	0	0	0.11832604	-0.058087107	-4.9825757e-09	NaN	NaN	NaN	1.5923077e-06	1e-07
0	0	-0.20758349	0	-0.707107	0.707107	0	0.70710737	-0.7071073	0	-0.70710737	-0.7071073	0	0	0	0	0.12369706	-0.05756735	-2.8250118e-09	NaN	NaN	NaN	1.6e-06	1e-07
0	0	-0.20758349	0	-0.707107	0.707107	0	0.7071073	-0.7071073	0	-0.70710725	-0.70710737	0	0	0	0	0.1275666	-0.05606351	-1.9557773e-09	NaN	NaN	NaN	1.6076923e-06	1e-07
0	0	-0.20758349	0	-0.707107	0.707107	0	0.70710725	-0.7071073	0	-0.7071073	-0.70710737	0	0	0	0	0.13008308	-0.053881638	-1.1951973e-09	NaN	NaN	NaN	1.6153846e-06	1e-07
0	0	-0.20758349	0	-0.707107	0.707107	0	0.7071073	-0.7071073	0	-0.70710737	-0.7071073	0	0	0	0	0.1314456	-0.05129337	-1.1796752e-09	NaN	NaN	NaN	1.623077e-06	1e-07
0	0	-0.20758349	0	-0.707107	0.707107	0	0.70710737	-0.70710737	0	-0.70710737	-0.7071073	0	0	0	0	0.13186964	-0.0485129	4.967054e-10	NaN	NaN	NaN	1.6307692e-06	1e-07
0	0	-0.20758349	0	-0.707107	0.707107	0	0.7071073	-0.7071073	0	-0.70710737	-0.70710725	0	0	0	0	0.13156152	-0.04569598	6.829699e-10	NaN	NaN	NaN	1.6384615e-06	1e-07
0	0	-0.20758349	0	-0.707107	0.707107	0	0.70710737	-0.7071073	0	-0.70710737	-0.70710737	0	0	0	0	0.13070485	-0.04294915	6.596868e-10	NaN	NaN	NaN	1.6461538e-06	1e-07
0	0	-0.20758349	0	-0.707107	0.707107	0	0.7071073	-0.7071073	0	-0.70710737	-0.70710737	0	0	0	0	0.12945579	-0.04034106	-1.4745941e-09	NaN	NaN	NaN	1.6538462e-06	1e-07
0	0	-0.20758349	0	-0.707107	0.707107	0	0.7071073	-0.70710737	0	-0.70710737	-0.70710725	0	0	0	0	0.1279434	-0.03791262	-3.8727497e-09	NaN	NaN	NaN	1.6615385e-06	1e-07
0	0	-0.20758349	0	-0.707107	0.707107	0	0.70710737	-0.70710737	0	-0.70710725	-0.7071073	0	0	0	0	0.12627217	-0.035684865	-4.6410906e-09	NaN	NaN	NaN	1.6692308e-06	1e-07
0	0	-0.20758349	0	-0.707107	0.707107	0	0.7071073	-0.7071073	0	-0.70710737	-0.70710737	0	0	0	0	0.12452507	-0.033665035	-3.4536545e-09	NaN	NaN	NaN	1.676923e-06	1e-07
0	0	-0.20758347	0	-0.707107	0.707107	0	0.70710725	-0.7071073	0	-0.70710737	-0.70710725	0	0	0	0	0.12276699	-0.03185103	-1.8238401e-09	NaN	NaN	NaN	1.6846154e-06	1e-07
0	0	-0.20758349	0	-0.707107	0.707107	0	0.70710737	-0.70710737	0	-0.7071073	-0.7071073	0	0	0	0	0.1210477	-0.030234775	-3.0345595e-09	NaN	NaN	NaN	1.6923077e-06	1e-07
0	0	-0.20758349	0	-0.707107	0.707107	0	0.7071073	-0.70710737	0	-0.70710725	-0.70710725	0	0	0	0	0.11940447	-0.028804572	-1.3154932e-09	NaN	NaN	NaN	1.7e-06	1e-07
0	0	-0.20758349	0	-0.707107	0.707107	0	0.7071073	-0.70710737	0	-0.70710737	-0.70710725	0	0	0	0	0.117864564	-0.027546834	-3.0306788e-09	NaN	NaN	NaN	1.7076923e-06	1e-07
0	0	-0.20758349	0	-0.707107	0.707107	0	0.70710737	-0.7071073	0	-0.70710737	-0.70710737	0	0	0	0	0.116446964	-0.026447175	-2.9394869e-09	NaN	NaN	NaN	1.7153847e-06	1e-07
0	0	-0.20758349	0	-0.707107	0.707107	0	0.70710737	-0.70710737	0	-0.70710725	-0.70710725	0	0	0	0	0.11516445	-0.025491158	-5.2930167e-09	NaN	NaN	NaN	1.7230769e-06	1e-07
0	0	-0.20758349	0	-0.707107	0.707107	0	0.7071073	-0.7071073	0	-0.70710737	-0.70710725	0	0	0	0	0.11402449	-0.024664665	-1.8490633e-09	NaN	NaN	NaN	1.7307692e-06	1e-07
0	0	-0.20758349	0	-0.707107	0.707107	0	0.7071073	-0.70710737	0	-0.70710725	-0.7071073	0	0	0	0	0.113030694	-0.023954105	-1.2897847e-09	NaN	NaN	NaN	1.7384615e-06	1e-07
0	0	-0.20758349	0	-0.707107	0.707107	0	0.7071073	-0.70710725	0	-0.70710737	-0.7071073	0	0	0	0	0.112183236	-0.023346484	1.1277734e-09	NaN	NaN	NaN	1.7461539e-06	1e-07
0	0	-0.20758349	0	-0.707107	0.707107	0	0.7071073	-0.7071073	0	-0.70710725	-0.70710725	0	0	0	0	0.111479886	-0.02282934	4.0599843e-10	NaN	NaN	NaN	1.7538462e-06	1e-07
0	0	-0.20758349	0	-0.707107	0.707107	0	0.7071073	-0.7071073	0	-0.70710737	-0.70710725	0	0	0	0	0.110915944	-0.022390658	7.038276e-10	NaN	NaN	NaN	1.7615384e-06	1e-07
0	0	-0.20758349	0	-0.707107	0.707107	0	0.70710737	-0.7071073	0	-0.70710737	-0.70710725	0	0	0	0	0.11048503	-0.022018792	-2.1003264e-09	NaN	NaN	NaN	1.7692307e-06	1e-07
0	0	-0.20758349	0	-0.707107	0.707107	0	0.7071073	-0.7071073	0	-0.70710737	-0.70710725	0	0	0	0	0.11017873	-0.021702308	4.4625872e-11	NaN	NaN	NaN	1.7769231e-06	1e-07
0	0	-0.20758347	0	-0.707107	0.707107	0	0.7071073	-0.70710737	0	-0.70710737	-0.70710737	0	0	0	0	0.10998717	-0.021429893	-2.6775523e-10	NaN	NaN	NaN	1.7846154e-06	1e-07
0	0	-0.20758349	0	-0.707107	0.707107	0	0.70710737	-0.70710737	0	-0.70710725	-0.70710725	0	0	0	0	0.10989849	-0.021190254	3.8649888e-09	NaN	NaN	NaN	1.7923077e-06	1e-07
0	0	-0.20758349	0	-0.707107	0.707107	0	0.70710737	-0.70710737	0	-0.70710725	-0.7071073	0	0	0	0	0.10989924	-0.020972075	3.4536546e-10	NaN	NaN	NaN	1.8e-06	1e-07
0	0	-0.20758349	0	-0.707107	0.707107	0	0.7071073	-0.70710737	0	-0.70710737	-0.7071073	0	0	0	0	0.1099737	-0.02076396	2.499049e-09	NaN	NaN	NaN	1.8076923e-06	1e-07
0	0	-0.20758349	0	-0.707107	0.707107	0	0.70710737	-0.70710725	0	-0.70710725	-0.7071073	0	0	0	0	0.11010432	-0.020554436	6.790894e-10	NaN	NaN	NaN	1.8153846e-06	1e-07
0	0	-0.20758349	0	-0.707107	0.707107	0	0.7071073	-0.7071073	0	-0.70710737	-0.7071073	0	0	0	0	0.11027075	-0.020332038	4.4936312e-09	NaN	NaN	NaN	1.8230769e-06	1e-07
0	0	-0.20758349	0	-0.707107	0.707107	0	0.70710737	-0.70710737	0	-0.70710737	-0.70710725	0	0	0	0	0.11045025	-0.020085394	3.958121e-10	NaN	NaN	NaN	1.8307692e-06	1e-07
0	0	-0.20758349	0	-0.707107	0.707107	0	0.7071073	-0.70710737	0	-0.70710737	-0.7071073	0	0	0	0	0.110616736	-0.019803446	2.514571e-09	NaN	NaN	NaN	1.8384616e-06	1e-07
0	0	-0.20758349	0	-0.707107	0.707107	0	0.70710737	-0.70710725	0	-0.70710737	-0.70710725	0	0	0	0	0.11074089	-0.019475691	5.665546e-10	NaN	NaN	NaN	1.8461539e-06	1e-07
0	0	-0.20758349	0	-0.707107	0.707107	0	0.70710737	-0.70710737	0	-0.70710737	-0.70710737	0	0	0	0	0.11078947	-0.019092573	3.7408125e-09	NaN	NaN	NaN	1.8538461e-06	1e-07
0	0	-0.20758349	0	-0.707107	0.707107	0	0.70710737	-0.7071073	0	-0.70710737	-0.70710737	0	0	0	0	0.110725395	-0.01864591	1.9480164e-09	NaN	NaN	NaN	1.8615384e-06	1e-07
0	0	-0.20758349	0	-0.707107	0.707107	0	0.7071073	-0.70710737	0	-0.7071073	-0.70710725	0	0	0	0	0.11050659	-0.0181295	2.9336662e-09	NaN	NaN	NaN	1.8692308e-06	1e-07
0	0	-0.20758347	0	-0.707107	0.707107	0	0.7071073	-0.70710737	0	-0.70710737	-0.70710737	0	0	0	0	0.110086486	-0.017539775	-1.5677263e-09	NaN	NaN	NaN	1.8769231e-06	1e-07
0	0	-0.20758349	0	-0.707107	0.707107	0	0.70710737	-0.70710737	0	-0.70710737	-0.70710725	0	0	0	0	0.109413125	-0.016876625	1.1175871e-09	NaN	NaN	NaN	1.8846154e-06	1e-07
0	0	-0.20758349	0	-0.707107	0.707107	0	0.70710737	-0.7071073	0	-0.70710725	-0.70710725	0	0	0	0	0.108429044	-0.016144307	-2.7008356e-09	NaN	NaN	NaN	1.8923076e-06	1e-07
0	0	-0.20758347	0	-0.707107	0.707107	0	0.70710737	-0.7071073	0	-0.70710737	-0.70710725	0	0	0	0	0.10707127	-0.015352501	1.3969839e-10	NaN	NaN	NaN	1.9e-06	1e-07
0	0	-0.20758349	0	-0.707107	0.707107	0	0.7071073	-0.7071073	0	-0.70710737	-0.70710737	0	0	0	0	0.105271086	-0.014517498	-2.0333877e-09	NaN	NaN	NaN	1.9076922e-06	1e-07
0	0	-0.20758349	0	-0.707107	0.707107	0	0.7071073	-0.70710737	0	-0.70710725	-0.70710737	0	0	0	0	0.1029543	-0.013663549	2.173086e-09	NaN	NaN	NaN	1.9153847e-06	1e-07
0	0	-0.20758347	0	-0.707107	0.707107	0	0.70710737	-0.70710737	0	-0.7071073	-0.70710725	0	0	0	0	0.10004173	-0.012824365	-1.4901161e-09	NaN	NaN	NaN	1.923077e-06	1e-07
0	0	-0.20758349	0	-0.707107	0.707107	0	0.70710737	-0.70710737	0	-0.7071073	-0.70710737	0	0	0	0	0.096450344	-0.01204477	6.674478e-10	NaN	NaN	NaN	1.9307693e-06	1e-07
0	0	-0.20758349	0	-0.707107	0.707107	0	0.7071073	-0.7071073	0	-0.70710737	-0.70710737	0	0	0	0	0.092094816	-0.01138245	-4.0978194e-09	NaN	NaN	NaN	1.9384615e-06	1e-07
0	0	-0.20758349	0	-0.707107	0.707107	0	0.70710737	-0.7071073	0	-0.70710737	-0.70710737	0	0	0	0	0.08689081	-0.010909633	1.6763806e-09	NaN	NaN	NaN	1.9461538e-06	1e-07
0	0	-0.20758349	0	-0.707107	0.707107	0	0.70710737	-0.70710737	0	-0.70710737	-0.70710725	0	0	0	0	0.08075926	-0.01071432	7.1401396e-10	NaN	NaN	NaN	1.953846e-06	1e-07
0	0	-0.20758349	0	-0.707107	0.707107	0	0.7071073	-0.7071073	0	-0.70710737	-0.70710725	0	0	0	0	0.073633306	-0.010900413	7.1711836e-09	NaN	NaN	NaN	1.9615384e-06	1e-07
0	0	-0.20758349	0	-0.707107	0.707107	0	0.70710737	-0.70710725	0	-0.70710737	-0.70710725	0	0	0	0	0.06546751	-0.011585639	2.483527e-09	NaN	NaN	NaN	1.9692309e-06	1e-07
0	0	-0.20758349	0	-0.707107	0.707107	0	0.7071073	-0.7071073	0	-0.7071073	-0.70710725	0	0	0	0	0.056249537	-0.012895439	3.5079817e-09	NaN	NaN	NaN	1.9769232e-06	1e-07
0	0	-0.20758349	0	-0.707107	0.707107	0	0.70710737	-0.7071073	0	-0.70710737	-0.70710725	0	0	0	0	0.04601424	-0.014951004	-6.519258e-10	NaN	NaN	NaN	1.9846154e-06	1e-07
0	0	-0.20758349	0	-0.707107	0.707107	0	0.7071073	-0.7071073	0	-0.70710725	-0.70710725	0	0	0	0	0.034856074	-0.017849	3.4458936e-09	NaN	NaN	NaN	1.9923077e-06	1e-07
0	0	-0.20758349	0	-0.707107	0.707107	0	0.70710737	-0.70710737	0	-0.7071073	-0.7071073	0	0	0	0	0.022938471	-0.0216325	9.0027846e-10	NaN	NaN	NaN	2e-06	1e-07
0	0	-0.20758349	0	-0.707107	0.707107	0	0.7071073	-0.70710737	0	-0.70710737	-0.70710737	0	0	0	0	0.010492001	-0.026255032	2.576659e-09	NaN	NaN	NaN	2.0076923e-06	1e-07
0	0	-0.20758349	0	-0.707107	0.707107	0	0.7071073	-0.70710737	0	-0.7071073	-0.7071073	0	0	0	0	-0.0022011374	-0.031546164	4.0357312e-10	NaN	NaN	NaN	2.0153846e-06	1e-07
0	0	-0.20758349	0	-0.707107	0.707107	0	0.70710725	-0.70710725	0	-0.70710725	-0.70710737	0	0	0	0	-0.014838628	-0.03719402	2.9491882e-09	NaN	NaN	NaN	2.0230768e-06	1e-07
0	0	-0.20758349	0	-0.707107	0.707107	0	0.70710737	-0.70710737	0	-0.70710737	-0.70710737	0	0	0	0	-0.027129797	-0.04276299	-4.346172e-10	NaN	NaN	NaN	2.0307693e-06	1e-07
0	0	-0.20758349	0	-0.707107	0.707107	0	0.70710737	-0.70710737	0	-0.70710737	-0.70710725	0	0	0	0	-0.038809024	-0.047752474	-2.0178657e-09	NaN	NaN	NaN	2.0384616e-06	1e-07
0	0	-0.20758349	0	-0.707107	0.707107	0	0.70710737	-0.70710737	0	-0.70710725	-0.70710725	0	0	0	0	-0.04962005	-0.051685784	-3.6942462e-09	NaN	NaN	NaN	2.046154e-06	1e-07
0	0	-0.20758349	0	-0.707107	0.707107	0	0.70710737	-0.70710725	0	-0.70710737	-0.70710725	0	0	0	0	-0.059292134	-0.054208934	-6.829699e-10	NaN	NaN	NaN	2.0538462e-06	1e-07
0	0	-0.20758349	0	-0.707107	0.707107	0	0.70710737	-0.7071073	0	-0.70710737	-0.7071073	0	0	0	0	-0.0675472	-0.055170637	8.381903e-10	NaN	NaN	NaN	2.0615385e-06	1e-07
0	0	-0.20758347	0	-0.707107	0.707107	0	0.7071073	-0.7071073	0	-0.70710737	-0.70710725	0	0	0	0	-0.07415701	-0.054661013	2.1109978e-09	NaN	NaN	NaN	2.0692307e-06	1e-07
0	0	-0.20758349	0	-0.707107	0.707107	0	0.7071073	-0.70710737	0	-0.70710725	-0.70710725	0	0	0	0	-0.079022005	-0.05296014	1.1486312e-09	NaN	NaN	NaN	2.076923e-06	1e-07
0	0	-0.20758347	0	-0.707107	0.707107	0	0.70710737	-0.70710737	0	-0.70710725	-0.70710725	0	0	0	0	-0.082204215	-0.05042868	1.7384688e-09	NaN	NaN	NaN	2.0846153e-06	1e-07
0	0	-0.20758349	0	-0.707107	0.707107	0	0.70710737	-0.70710737	0	-0.7071073	-0.7071073	0	0	0	0	-0.08388972	-0.047407083	2.0489097e-09	NaN	NaN	NaN	2.0923078e-06	1e-07
0	0	-0.20758349	0	-0.707107	0.707107	0	0.70710737	-0.7071073	0	-0.70710725	-0.7071073	0	0	0	0	-0.08388973	-0.047407083	2.0489097e-09	NaN	NaN	NaN	2.0923078e-06	1.05e-06
0	0	-0.20758349	0	-0.707107	0.707107	0	0.7071073	-0.7071073	0	-0.70710737	-0.7071073	0	0	0	0	-0.08388972	-0.047407083	2.0489097e-09	NaN	NaN	NaN	2.0923078e-06	1.0587097e-06
0	0	-0.20758349	0	-0.707107	0.707107	0	0.7071073	-0.7071073	0	-0.70710737	-0.70710737	0	0	0	0	-0.08388972	-0.047407083	2.0489097e-09	NaN	NaN	NaN	2.0923078e-06	1.0674194e-06
0	0	-0.20758349	0	-0.707107	0.707107	0	0.7071073	-0.70710737	0	-0.7071073	-0.70710737	0	0	0	0	-0.08388972	-0.047407083	2.0489097e-09	NaN	NaN	NaN	2.0923078e-06	1.076129e-06
0	0	-0.20758349	0	-0.707107	0.707107	0	0.70710737	-0.7071073	0	-0.70710737	-0.70710737	0	0	0	0	-0.08388972	-0.047407083	2.0489097e-09	NaN	NaN	NaN	2.0923078e-06	1.0848387e-06
0	0	-0.20758349	0	-0.707107	0.707107	0	0.70710737	-0.7071073	0	-0.70710737	-0.70710737	0	0	0	0	-0.08388972	-0.04740708	2.0489097e-09	NaN	NaN	NaN	2.0923078e-06	1.0935483e-06
0	0	-0.20758349	0	-0.707107	0.707107	0	0.7071073	-0.70710737	0	-0.70710737	-0.7071073	0	0	0	0	-0.08388972	-0.047407083	2.0489097e-09	NaN	NaN	NaN	2.0923078e-06	1.102258e-06
0	0	-0.20758349	0	-0.707107	0.707107	0	0.70710737	-0.7071073	0	-0.70710737	-0.7071073	0	0	0	0	-0.08388972	-0.047407083	2.0489097e-09	NaN	NaN	NaN	2.0923078e-06	1.1109678e-06
0	0	-0.20758347	0	-0.707107	0.707107	0	0.70710737	-0.7071073	0	-0.70710725	-0.7071073	0	0	0	0	-0.083889715	-0.04740708	2.0489097e-09	NaN	NaN	NaN	2.0923078e-06	1.1196774e-06
0	0	-0.20758349	0	-0.707107	0.707107	0	0.70710737	-0.70710737	0	-0.70710737	-0.70710725	0	0	0	0	-0.08388972	-0.047407083	2.0489097e-09	NaN	NaN	NaN	2.0923078e-06	1.1283871e-06
0	0	-0.20758349	0	-0.707107	0.707107	0	0.7071073	-0.70710737	0	-0.70710737	-0.70710725	0	0	0	0	-0.08388972	-0.047407083	2.0489097e-09	NaN	NaN	NaN	2.0923078e-06	1.1370968e-06
0	0	-0.20758349	0	-0.707107	0.707107	0	0.70710737	-0.7071073	0	-0.70710737	-0.70710725	0	0	0	0	-0.08388972	-0.047407083	2.0489097e-09	NaN	NaN	NaN	2.0923078e-06	1.1458064e-06
0	0	-0.20758349	0	-0.707107	0.707107	0	0.70710737	-0.7071073	0	-0.70710725	-0.7071073	0	0	0	0	-0.083889715	-0.04740708	2.0489097e-09	NaN	NaN	NaN	2.0923078e-06	1.1545161e-06
0	0	-0.20758347	0	-0.707107	0.707107	0	0.7071073	-0.7071073	0	-0.7071073	-0.7071073	0	0	0	0	-0.08388972	-0.04740708	2.0489097e-09	NaN	NaN	NaN	2.0923078e-06	1.1632258e-06
0	0	-0.20758349	0	-0.707107	0.707107	0	0.7071073	-0.70710737	0	-0.70710737	-0.70710737	0	0	0	0	-0.08388973	-0.04740708	2.0489097e-09	NaN	NaN	NaN	2.0923078e-06	1.1719355e-06
0	0	-0.20758349	0	-0.70710707	0.707107	0	0.7071073	-0.70710725	0	-0.7071073	-0.70710737	0	0	0	0	-0.08388972	-0.047407083	2.0489097e-09	NaN	NaN	NaN	2.0923078e-06	1.1806452e-06
0	0	-0.20758349	0	-0.707107	0.707107	0	0.70710737	-0.7071073	0	-0.70710737	-0.7071073	0	0	0	0	-0.08388973	-0.047407083	2.0489097e-09	NaN	NaN	NaN	2.0923078e-06	1.1893549e-06
0	0	-0.20758349	0	-0.707107	0.707107	0	0.70710737	-0.70710737	0	-0.70710737	-0.7071073	0	0	0	0	-0.08388972	-0.047407083	2.0489097e-09	NaN	NaN	NaN	2.0923078e-06	1.1980645e-06
0	0	-0.20758349	0	-0.707107	0.707107	0	0.7071073	-0.7071073	0	-0.70710725	-0.7071073	0	0	0	0	-0.08388972	-0.047407083	2.0489097e-09	NaN	NaN	NaN	2.0923078e-06	1.2067742e-06
0	0	-0.20758349	0	-0.707107	0.707107	0	0.7071073	-0.7071073	0	-0.70710737	-0.7071073	0	0	0	0	-0.08388972	-0.047407083	2.0489097e-09	NaN	NaN	NaN	2.0923078e-06	1.2154838e-06
0	0	-0.20758349	0	-0.707107	0.707107	0	0.70710737	-0.7071073	0	-0.70710737	-0.7071073	0	0	0	0	-0.08388972	-0.04740708	2.0489097e-09	NaN	NaN	NaN	2.0923078e-06	1.2241935e-06
0	0	-0.20758349	0	-0.707107	0.707107	0	0.7071073	-0.7071073	0	-0.70710737	-0.70710737	0	0	0	0	-0.08388972	-0.047407083	2.0489097e-09	NaN	NaN	NaN	2.0923078e-06	1.2329032e-06
0	0	-0.20758349	0	-0.707107	0.707107	0	0.7071073	-0.7071073	0	-0.70710725	-0.70710725	0	0	0	0	-0.08388972	-0.047407083	2.0489097e-09	NaN	NaN	NaN	2.0923078e-06	1.241613e-06
0	0	-0.20758349	0	-0.707107	0.707107	0	0.70710737	-0.7071073	0	-0.70710725	-0.70710725	0	0	0	0	-0.08388972	-0.04740708	2.0489097e-09	NaN	NaN	NaN	2.0923078e-06	1.2503226e-06
0	0	-0.20758349	0	-0.707107	0.707107	0	0.7071073	-0.7071073	0	-0.7071073	-0.70710725	0	0	0	0	-0.08388972	-0.047407083	2.0489097e-09	NaN	NaN	NaN	2.0923078e-06	1.2590323e-06
0	0	-0.20758349	0	-0.707107	0.707107	0	0.7071073	-0.7071073	0	-0.70710737	-0.7071073	0	0	0	0	-0.083889715	-0.047407083	2.0489097e-09	NaN	NaN	NaN	2.0923078e-06	1.2677419e-06
0	0	-0.20758349	0	-0.707107	0.707107	0	0.7071073	-0.70710737	0	-0.70710737	-0.70710737	0	0	0	0	-0.08388973	-0.04740708	2.0489097e-09	NaN	NaN	NaN	2.0923078e-06	1.2764516e-06
0	0	-0.20758349	0	-0.707107	0.707107	0	0.70710737	-0.7071073	0	-0.70710737	-0.7071073	0	0	0	0	-0.08388972	-0.047407083	2.0489097e-09	NaN	NaN	NaN	2.0923078e-06	1.2851613e-06
0	0	-0.20758349	0	-0.707107	0.707107	0	0.7071073	-0.70710737	0	-0.70710737	-0.70710737	0	0	0	0	-0.08388972	-0.047407087	2.0489097e-09	NaN	NaN	NaN	2.0923078e-06	1.2938709e-06
0	0	-0.20758349	0	-0.707107	0.707107	0	0.70710737	-0.70710737	0	-0.70710737	-0.70710725	0	0	0	0	-0.08388973	-0.047407083	2.0489097e-09	NaN	NaN	NaN	2.0923078e-06	1.3025807e-06
0	0	-0.20758349	0	-0.707107	0.707107	0	0.70710737	-0.70710737	0	-0.70710737	-0.7071073	0	0	0	0	-0.08388972	-0.047407083	2.0489097e-09	NaN	NaN	NaN	2.0923078e-06	1.3112904e-06
0	0	-0.20758349	0	-0.707107	0.707107	0	0.70710737	-0.70710737	0	-0.70710737	-0.70710725	0	0	0	0	-0.08388972	-0.047407083	2.0489097e-09	NaN	NaN	NaN	2.0923078e-06	1.32e-06
0	0	-0.20758349	0	-0.707107	0.707107	0	0.70710737	-0.70710737	0	-0.70710737	-0.7071073	0	0	0	0	-0.083889715	-0.047407083	2.0489097e-09	NaN	NaN	NaN	2.0923078e-06	1.3287097e-06
0	0	-0.20758349	0	-0.707107	0.707107	0	0.70710737	-0.7071073	0	-0.70710725	-0.70710725	0	0	0	0	-0.08388972	-0.04740708	2.0489097e-09	NaN	NaN	NaN	2.0923078e-06	1.3374193e-06
0	0	-0.20758347	0	-0.707107	0.707107	0	0.7071073	-0.7071073	0	-0.70710725	-0.70710725	0	0	0	0	-0.08388972	-0.047407083	2.0489097e-09	NaN	NaN	NaN	2.0923078e-06	1.346129e-06
0	0	-0.20758349	0	-0.707107	0.707107	0	0.7071073	-0.70710737	0	-0.70710737	-0.70710737	0	0	0	0	-0.08388972	-0.047407083	2.0489097e-09	NaN	NaN	NaN	2.0923078e-06	1.3548387e-06
0	0	-0.20758349	0	-0.707107	0.707107	0	0.7071073	-0.70710737	0	-0.70710737	-0.70710725	0	0	0	0	-0.08388973	-0.04740708	2.0489097e-09	NaN	NaN	NaN	2.0923078e-06	1.3635483e-06
0	0	-0.20758349	0	-0.707107	0.707107	0	0.70710737	-0.70710737	0	-0.7071073	-0.70710737	0	0	0	0	-0.08388972	-0.047407083	2.0489097e-09	NaN	NaN	NaN	2.0923078e-06	1.3722581e-06
0	0	-0.20758349	0	-0.707107	0.707107	0	0.70710737	-0.70710737	0	-0.70710737	-0.7071073	0	0	0	0	-0.08388972	-0.047407083	2.0489097e-09	NaN	NaN	NaN	2.0923078e-06	1.3809678e-06
0	0	-0.20758349	0	-0.707107	0.707107	0	0.70710737	-0.7071073	0	-0.70710725	-0.70710737	0	0	0	0	-0.08388972	-0.047407083	2.0489097e-09	NaN	NaN	NaN	2.0923078e-06	1.3896774e-06
0	0	-0.20758349	0	-0.707107	0.707107	0	0.70710725	-0.70710737	0	-0.70710737	-0.7071073	0	0	0	0	-0.08388972	-0.047407083	2.0489097e-09	NaN	NaN	NaN	2.0923078e-06	1.3983871e-06
0	0	-0.20758349	0	-0.707107	0.707107	0	0.70710737	-0.70710737	0	-0.70710737	-0.7071073	0	0	0	0	-0.08388972	-0.047407083	2.0489097e-09	NaN	NaN	NaN	2.0923078e-06	1.4070968e-06
0	0	-0.20758349	0	-0.707107	0.707107	0	0.70710737	-0.7071073	0	-0.70710725	-0.70710737	0	0	0	0	-0.083889715	-0.047407083	2.0489097e-09	NaN	NaN	NaN	2.0923078e-06	1.4158064e-06
0	0	-0.20758349	0	-0.707107	0.707107	0	0.7071073	-0.70710737	0	-0.70710737	-0.70710725	0	0	0	0	-0.08388972	-0.047407083	2.0489097e-09	NaN	NaN	NaN	2.0923078e-06	1.4245161e-06
0	0	-0.20758349	0	-0.707107	0.707107	0	0.70710737	-0.70710737	0	-0.70710725	-0.70710737	0	0	0	0	-0.08388972	-0.047407083	2.0489097e-09	NaN	NaN	NaN	2.0923078e-06	1.4332259e-06
0	0	-0.20758349	0	-0.707107	0.707107	0	0.70710737	-0.7071073	0	-0.7071073	-0.70710725	0	0	0	0	-0.08388973	-0.047407083	2.0489097e-09	NaN	NaN	NaN	2.0923078e-06	1.4419355e-06
0	0	-0.20758349	0	-0.707107	0.707107	0	0.70710737	-0.70710737	0	-0.7071073	-0.70710725	0	0	0	0	-0.08388972	-0.047407083	2.0489097e-09	NaN	NaN	NaN	2.0923078e-06	1.4506452e-06
0	0	-0.20758349	0	-0.707107	0.707107	0	0.7071073	-0.70710737	0	-0.70710737	-0.70710725	0	0	0	0	-0.08388972	-0.047407083	2.0489097e-09	NaN	NaN	NaN	2.0923078e-06	1.4593548e-06
0	0	-0.20758349	0	-0.707107	0.707107	0	0.7071073	-0.7071073	0	-0.70710725	-0.70710725	0	0	0	0	-0.08388972	-0.047407083	2.0489097e-09	NaN	NaN	NaN	2.0923078e-06	1.4680645e-06
0	0	-0.20758349	0	-0.707107	0.707107	0	0.70710737	-0.70710737	0	-0.70710725	-0.70710737	0	0	0	0	-0.08388972	-0.047407083	2.0489097e-09	NaN	NaN	NaN	2.0923078e-06	1.4767742e-06
0	0	-0.20758349	0	-0.707107	0.707107	0	0.70710737	-0.7071073	0	-0.70710725	-0.70710725	0	0	0	0	-0.08388972	-0.047407083	2.0489097e-09	NaN	NaN	NaN	2.0923078e-06	1.4854838e-06
0	0	-0.20758349	0	-0.707107	0.707107	0	0.7071073	-0.7071073	0	-0.70710737	-0.70710725	0	0	0	0	-0.08388972	-0.047407083	2.0489097e-09	NaN	NaN	NaN	2.0923078e-06	1.4941935e-06
0	0	-0.20758349	0	-0.707107	0.707107	0	0.70710737	-0.7071073	0	-0.7071073	-0.70710725	0	0	0	0	-0.08388972	-0.047407083	2.0489097e-09	NaN	NaN	NaN	2.0923078e-06	1.5029033e-06
0	0	-0.20758349	0	-0.707107	0.707107	0	0.7071073	-0.70710737	0	-0.7071073	-0.70710725	0	0	0	0	-0.08388972	-0.047407083	2.0489097e-09	NaN	NaN	NaN	2.0923078e-06	1.5116129e-06
0	0	-0.20758349	0	-0.707107	0.707107	0	0.7071073	-0.70710737	0	-0.70710737	-0.7071073	0	0	0	0	-0.08388972	-0.047407083	2.0489097e-09	NaN	NaN	NaN	2.0923078e-06	1.5203226e-06
0	0	-0.20758349	0	-0.707107	0.707107	0	0.7071073	-0.70710737	0	-0.70710737	-0.70710737	0	0	0	0	-0.08388973	-0.047407083	2.0489097e-09	NaN	NaN	NaN	2.0923078e-06	1.5290323e-06
0	0	-0.20758349	0	-0.707107	0.707107	0	0.70710725	-0.70710737	0	-0.70710725	-0.70710725	0	0	0	0	-0.08388972	-0.04740708	2.0489097e-09	NaN	NaN	NaN	2.0923078e-06	1.5377419e-06
0	0	-0.20758349	0	-0.707107	0.707107	0	0.70710725	-0.7071073	0	-0.70710737	-0.70710725	0	0	0	0	-0.08388972	-0.047407083	2.0489097e-09	NaN	NaN	NaN	2.0923078e-06	1.5464516e-06
0	0	-0.20758349	0	-0.707107	0.707107	0	0.7071073	-0.70710737	0	-0.70710737	-0.70710725	0	0	0	0	-0.08388972	-0.047407083	2.0489097e-09	NaN	NaN	NaN	2.0923078e-06	1.5551612e-06
0	0	-0.20758349	0	-0.707107	0.707107	0	0.7071073	-0.7071073	0	-0.70710725	-0.7071073	0	0	0	0	-0.08388972	-0.047407083	2.0489097e-09	NaN	NaN	NaN	2.0923078e-06	1.563871e-06
0	0	-0.20758349	0	-0.707107	0.707107	0	0.7071073	-0.70710737	0	-0.7071073	-0.70710725	0	0	0	0	-0.08388972	-0.047407083	2.0489097e-09	NaN	NaN	NaN	2.0923078e-06	1.5725807e-06
0	0	-0.20758349	0	-0.707107	0.707107	0	0.7071073	-0.70710737	0	-0.70710737	-0.7071073	0	0	0	0	-0.08388972	-0.047407083	2.0489097e-09	NaN	NaN	NaN	2.0923078e-06	1.5812903e-06
0	0	-0.20758347	0	-0.707107	0.707107	0	0.7071073	-0.70710725	0	-0.70710737	-0.70710725	0	0	0	0	-0.08388972	-0.04740708	2.0489097e-09	NaN	NaN	NaN	2.0923078e-06	1.59e-06
0	0	-0.20758349	0	-0.707107	0.707107	0	0.70710737	-0.70710737	0	-0.70710725	-0.7071073	0	0	0	0	-0.08388972	-0.047407083	2.0489097e-09	NaN	NaN	NaN	2.0923078e-06	1.5987097e-06
0	0	-0.20758349	0	-0.707107	0.707107	0	0.7071073	-0.7071073	0	-0.70710737	-0.7071073	0	0	0	0	-0.08388972	-0.047407083	2.0489097e-09	NaN	NaN	NaN	2.0923078e-06	1.6074193e-06
0	0	-0.20758349	0	-0.707107	0.707107	0	0.70710737	-0.70710737	0	-0.70710737	-0.7071073	0	0	0	0	-0.08388972	-0.04740708	2.0489097e-09	NaN	NaN	NaN	2.0923078e-06	1.616129e-06
0	0	-0.20758349	0	-0.707107	0.707107	0	0.7071073	-0.7071073	0	-0.70710737	-0.7071073	0	0	0	0	-0.08388972	-0.047407083	2.0489097e-09	NaN	NaN	NaN	2.0923078e-06	1.6248387e-06
0	0	-0.20758349	0	-0.707107	0.707107	0	0.70710737	-0.7071073	0	-0.70710737	-0.70710737	0	0	0	0	-0.08388972	-0.04740708	2.0489097e-09	NaN	NaN	NaN	2.0923078e-06	1.6335484e-06
0	0	-0.20758349	0	-0.707107	0.707107	0	0.70710737	-0.7071073	0	-0.70710737	-0.70710737	0	0	0	0	-0.08388973	-0.047407083	2.0489097e-09	NaN	NaN	NaN	2.0923078e-06	1.6422581e-06
0	0	-0.20758349	0	-0.707107	0.707107	0	0.7071073	-0.70710725	0	-0.7071073	-0.7071073	0	0	0	0	-0.08388972	-0.04740708	2.0489097e-09	NaN	NaN	NaN	2.0923078e-06	1.6509678e-06
0	0	-0.20758349	0	-0.707107	0.707107	0	0.70710737	-0.70710737	0	-0.70710737	-0.7071073	0	0	0	0	-0.08388972	-0.047407083	2.0489097e-09	NaN	NaN	NaN	2.0923078e-06	1.6596774e-06
0	0	-0.20758349	0	-0.707107	0.707107	0	0.70710737	-0.70710737	0	-0.70710725	-0.7071073	0	0	0	0	-0.083889715	-0.047407083	2.0489097e-09	NaN	NaN	NaN	2.0923078e-06	1.6683871e-06
0	0	-0.20758349	0	-0.707107	0.707107	0	0.7071073	-0.70710737	0	-0.7071073	-0.70710725	0	0	0	0	-0.08388972	-0.047407083	2.0489097e-09	NaN	NaN	NaN	2.0923078e-06	1.6770967e-06
0	0	-0.20758349	0	-0.707107	0.707107	0	0.70710725	-0.7071073	0	-0.70710737	-0.7071073	0	0	0	0	-0.08388972	-0.047407083	2.0489097e-09	NaN	NaN	NaN	2.0923078e-06	1.6858064e-06
0	0	-0.20758349	0	-0.707107	0.707107	0	0.70710737	-0.70710737	0	-0.70710737	-0.70710737	0	0	0	0	-0.08388972	-0.047407083	2.0489097e-09	NaN	NaN	NaN	2.0923078e-06	1.6945161e-06
0	0	-0.20758349	0	-0.707107	0.707107	0	0.70710737	-0.70710737	0	-0.7071073	-0.7071073	0	0	0	0	-0.08388973	-0.04740708	2.0489097e-09	NaN	NaN	NaN	2.0923078e-06	1.7032258e-06
0	0	-0.20758349	0	-0.707107	0.707107	0	0.70710737	-0.70710737	0	-0.70710737	-0.70710737	0	0	0	0	-0.08388972	-0.047407087	2.0489097e-09	NaN	NaN	NaN	2.0923078e-06	1.7119355e-06
0	0	-0.20758349	0	-0.707107	0.707107	0	0.70710737	-0.70710737	0	-0.70710737	-0.70710725	0	0	0	0	-0.08388972	-0.047407083	2.0489097e-09	NaN	NaN	NaN	2.0923078e-06	1.7206452e-06
0	0	-0.20758349	0	-0.707107	0.707107	0	0.7071073	-0.7071073	0	-0.70710725	-0.7071073	0	0	0	0	-0.08388972	-0.047407083	2.0489097e-09	NaN	NaN	NaN	2.0923078e-06	1.7293548e-06
0	0	-0.20758349	0	-0.707107	0.707107	0	0.7071073	-0.7071073	0	-0.70710737	-0.70710737	0	0	0	0	-0.08388972	-0.047407083	2.0489097e-09	NaN	NaN	NaN	2.0923078e-06	1.7380645e-06
0	0	-0.20758349	0	-0.707107	0.707107	0	0.7071073	-0.70710737	0	-0.70710737	-0.70710725	0	0	0	0	-0.08388972	-0.047407083	2.0489097e-09	NaN	NaN	NaN	2.0923078e-06	1.7467742e-06
0	0	-0.20758349	0	-0.707107	0.707107	0	0.70710737	-0.70710737	0	-0.7071073	-0.7071073	0	0	0	0	-0.08388972	-0.047407083	2.0489097e-09	NaN	NaN	NaN	2.0923078e-06	1.7554838e-06
0	0	-0.20758349	0	-0.707107	0.707107	0	0.70710737	-0.70710725	0	-0.70710737	-0.70710725	0	0	0	0	-0.08388972	-0.04740708	2.0489097e-09	NaN	NaN	NaN	2.0923078e-06	1.7641936e-06
0	0	-0.20758349	0	-0.707107	0.707107	0	0.70710737	-0.70710725	0	-0.70710737	-0.7071073	0	0	0	0	-0.08388972	-0.04740708	2.0489097e-09	NaN	NaN	NaN	2.0923078e-06	1.7729033e-06
0	0	-0.20758349	0	-0.707107	0.707107	0	0.70710737	-0.70710737	0	-0.70710737	-0.7071073	0	0	0	0	-0.08388972	-0.04740708	2.0489097e-09	NaN	NaN	NaN	2.0923078e-06	1.7816129e-06
0	0	-0.20758349	0	-0.707107	0.707107	0	0.70710737	-0.70710737	0	-0.70710737	-0.7071073	0	0	0	0	-0.08388972	-0.04740708	2.0489097e-09	NaN	NaN	NaN	2.0923078e-06	1.7903226e-06
0	0	-0.20758349	0	-0.707107	0.707107	0	0.7071073	-0.7071073	0	-0.70710725	-0.70710725	0	0	0	0	-0.08388972	-0.047407083	2.0489097e-09	NaN	NaN	NaN	2.0923078e-06	1.7990322e-06
0	0	-0.20758349	0	-0.707107	0.707107	0	0.70710725	-0.70710737	0	-0.70710737	-0.7071073	0	0	0	0	-0.08388972	-0.047407083	2.0489097e-09	NaN	NaN	NaN	2.0923078e-06	1.8077419e-06
0	0	-0.20758349	0	-0.707107	0.707107	0	0.70710737	-0.7071073	0	-0.7071073	-0.7071073	0	0	0	0	-0.08388973	-0.047407083	2.0489097e-09	NaN	NaN	NaN	2.0923078e-06	1.8164516e-06
0	0	-0.20758349	0	-0.707107	0.707107	0	0.7071073	-0.70710725	0	-0.70710737	-0.70710725	0	0	0	0	-0.08388972	-0.047407083	2.0489097e-09	NaN	NaN	NaN	2.0923078e-06	1.8251612e-06
0	0	-0.20758349	0	-0.707107	0.707107	0	0.70710737	-0.7071073	0	-0.70710737	-0.7071073	0	0	0	0	-0.08388972	-0.04740708	2.0489097e-09	NaN	NaN	NaN	2.0923078e-06	1.833871e-06
0	0	-0.20758349	0	-0.707107	0.707107	0	0.70710737	-0.7071073	0	-0.7071073	-0.70710725	0	0	0	0	-0.08388972	-0.047407083	2.0489097e-09	NaN	NaN	NaN	2.0923078e-06	1.8425807e-06
0	0	-0.20758349	0	-0.707107	0.707107	0	0.7071073	-0.70710737	0	-0.7071073	-0.7071073	0	0	0	0	-0.08388972	-0.047407083	2.0489097e-09	NaN	NaN	NaN	2.0923078e-06	1.8512903e-06
0	0	-0.20758349	0	-0.707107	0.707107	0	0.70710725	-0.7071073	0	-0.70710737	-0.70710725	0	0	0	0	-0.08388972	-0.047407083	2.0489097e-09	NaN	NaN	NaN	2.0923078e-06	1.86e-06
0	0	-0.20758349	0	-0.707107	0.707107	0	0.7071073	-0.7071073	0	-0.70710725	-0.7071073	0	0	0	0	-0.08388972	-0.047407083	2.0489097e-09	NaN	NaN	NaN	2.0923078e-06	1.8687097e-06
0	0	-0.20758349	0	-0.707107	0.707107	0	0.7071073	-0.7071073	0	-0.70710737	-0.70710737	0	0	0	0	-0.08388972	-0.047407083	2.0489097e-09	NaN	NaN	NaN	2.0923078e-06	1.8774193e-06
0	0	-0.20758349	0	-0.707107	0.707107	0	0.7071073	-0.7071073	0	-0.70710737	-0.70710737	0	0	0	0	-0.083889715	-0.04740708	2.0489097e-09	NaN	NaN	NaN	2.0923078e-06	1.886129e-06
0	0	-0.20758349	0	-0.707107	0.707107	0	0.7071073	-0.7071073	0	-0.7071073	-0.70710725	0	0	0	0	-0.08388972	-0.04740708	2.0489097e-09	NaN	NaN	NaN	2.0923078e-06	1.8948388e-06
0	0	-0.20758349	0	-0.707107	0.707107	0	0.70710737	-0.70710737	0	-0.70710737	-0.70710725	0	0	0	0	-0.08388972	-0.04740708	2.0489097e-09	NaN	NaN	NaN	2.0923078e-06	1.9035484e-06
0	0	-0.20758349	0	-0.707107	0.707107	0	0.70710737	-0.70710737	0	-0.70710725	-0.70710737	0	0	0	0	-0.08388972	-0.047407083	2.0489097e-09	NaN	NaN	NaN	2.0923078e-06	1.912258e-06
0	0	-0.20758349	0	-0.707107	0.707107	0	0.70710737	-0.70710737	0	-0.70710725	-0.7071073	0	0	0	0	-0.08388972	-0.04740708	2.0489097e-09	NaN	NaN	NaN	2.0923078e-06	1.9209676e-06
0	0	-0.20758349	0	-0.707107	0.707107	0	0.7071073	-0.70710737	0	-0.7071073	-0.70710737	0	0	0	0	-0.08388972	-0.047407083	2.0489097e-09	NaN	NaN	NaN	2.0923078e-06	1.9296774e-06
0	0	-0.20758349	0	-0.707107	0.707107	0	0.7071073	-0.7071073	0	-0.70710725	-0.70710737	0	0	0	0	-0.08388972	-0.047407083	2.0489097e-09	NaN	NaN	NaN	2.0923078e-06	1.9383872e-06
0	0	-0.20758349	0	-0.707107	0.707107	0	0.70710737	-0.7071073	0	-0.70710737	-0.70710737	0	0	0	0	-0.08388972	-0.047407087	2.0489097e-09	NaN	NaN	NaN	2.0923078e-06	1.9470967e-06
0	0	-0.20758349	0	-0.707107	0.707107	0	0.7071073	-0.7071073	0	-0.70710737	-0.70710737	0	0	0	0	-0.08388972	-0.047407083	2.0489097e-09	NaN	NaN	NaN	2.0923078e-06	1.9558065e-06
0	0	-0.20758349	0	-0.707107	0.707107	0	0.70710737	-0.7071073	0	-0.70710737	-0.70710725	0	0	0	0	-0.08388973	-0.047407083	2.0489097e-09	NaN	NaN	NaN	2.0923078e-06	1.964516e-06
0	0	-0.20758349	0	-0.707107	0.707107	0	0.70710737	-0.7071073	0	-0.70710737	-0.70710725	0	0	0	0	-0.08388972	-0.047407083	2.0489097e-09	NaN	NaN	NaN	2.0923078e-06	1.9732258e-06
0	0	-0.20758349	0	-0.707107	0.707107	0	0.7071073	-0.7071073	0	-0.70710725	-0.70710725	0	0	0	0	-0.083889715	-0.047407087	2.0489097e-09	NaN	NaN	NaN	2.0923078e-06	1.9819354e-06
0	0	-0.20758349	0	-0.707107	0.707107	0	0.7071073	-0.70710737	0	-0.7071073	-0.7071073	0	0	0	0	-0.08388972	-0.047407083	2.0489097e-09	NaN	NaN	NaN	2.0923078e-06	1.9906452e-06
0	0	-0.20758349	0	-0.707107	0.707107	0	0.7071073	-0.70710737	0	-0.7071073	-0.70710725	0	0	0	0	-0.08388972	-0.047407083	2.0489097e-09	NaN	NaN	NaN	2.0923078e-06	1.999355e-06
0	0	-0.20758349	0	-0.707107	0.707107	0	0.70710737	-0.70710725	0	-0.7071073	-0.70710725	0	0	0	0	-0.08388972	-0.047407083	2.0489097e-09	NaN	NaN	NaN	2.0923078e-06	2.0080645e-06
0	0	-0.20758349	0	-0.707107	0.707107	0	0.70710737	-0.7071073	0	-0.70710725	-0.70710737	0	0	0	0	-0.08388972	-0.047407083	2.0489097e-09	NaN	NaN	NaN	2.0923078e-06	2.0167743e-06
0	0	-0.20758349	0	-0.707107	0.707107	0	0.70710737	-0.7071073	0	-0.70710725	-0.70710725	0	0	0	0	-0.083889715	-0.047407083	2.0489097e-09	NaN	NaN	NaN	2.0923078e-06	2.0254838e-06
0	0	-0.20758349	0	-0.707107	0.707107	0	0.70710737	-0.7071073	0	-0.7071073	-0.70710725	0	0	0	0	-0.08388972	-0.04740708	2.0489097e-09	NaN	NaN	NaN	2.0923078e-06	2.0341936e-06
0	0	-0.20758349	0	-0.707107	0.707107	0	0.7071073	-0.70710737	0	-0.70710737	-0.70710725	0	0	0	0	-0.08388972	-0.047407083	2.0489097e-09	NaN	NaN	NaN	2.0923078e-06	2.0429031e-06
0	0	-0.20758349	0	-0.707107	0.707107	0	0.7071073	-0.7071073	0	-0.7071073	-0.7071073	0	0	0	0	-0.08388972	-0.04740708	2.0489097e-09	NaN	NaN	NaN	2.0923078e-06	2.051613e-06
0	0	-0.20758349	0	-0.707107	0.707107	0	0.70710737	-0.7071073	0	-0.70710737	-0.70710737	0	0	0	0	-0.08388972	-0.047407083	2.0489097e-09	NaN	NaN	NaN	2.0923078e-06	2.0603227e-06
0	0	-0.20758349	0	-0.707107	0.707107	0	0.70710737	-0.70710737	0	-0.7071073	-0.70710725	0	0	0	0	-0.08388972	-0.047407083	2.0489097e-09	NaN	NaN	NaN	2.0923078e-06	2.0690322e-06
0	0	-0.20758349	0	-0.707107	0.707107	0	0.70710737	-0.70710737	0	-0.70710737	-0.70710737	0	0	0	0	-0.08388972	-0.047407083	2.0489097e-09	NaN	NaN	NaN	2.0923078e-06	2.077742e-06
0	0	-0.20758349	0	-0.707107	0.707107	0	0.7071073	-0.70710737	0	-0.70710725	-0.70710725	0	0	0	0	-0.08388972	-0.047407083	2.0489097e-09	NaN	NaN	NaN	2.0923078e-06	2.0864516e-06
0	0	-0.20758349	0	-0.707107	0.707107	0	0.70710737	-0.70710737	0	-0.7071073	-0.7071073	0	0	0	0	-0.08388973	-0.047407083	2.0489097e-09	NaN	NaN	NaN	2.0923078e-06	2.0951613e-06
0	0	-0.20758349	0	-0.707107	0.70710707	0	0.70710737	-0.70710725	0	-0.7071073	-0.70710725	0	0	0	0	-0.08388972	-0.04740708	2.0489097e-09	NaN	NaN	NaN	2.0923078e-06	2.1038709e-06
0	0	-0.20758349	0	-0.707107	0.707107	0	0.7071073	-0.7071073	0	-0.70710737	-0.70710737	0	0	0	0	-0.08388972	-0.047407083	2.0489097e-09	NaN	NaN	NaN	2.0923078e-06	2.1125807e-06
0	0	-0.20758349	0	-0.707107	0.707107	0	0.70710737	-0.70710737	0	-0.70710725	-0.70710725	0	0	0	0	-0.08388972	-0.047407083	2.0489097e-09	NaN	NaN	NaN	2.0923078e-06	2.1212904e-06
0	0	-0.20758349	0	-0.707107	0.707107	0	0.70710737	-0.70710737	0	-0.70710737	-0.7071073	0	0	0	0	-0.08388972	-0.047407083	2.0489097e-09	NaN	NaN	NaN	2.0923078e-06	2.13e-06
0	0	-0.20758349	0	-0.707107	0.707107	0	0.7071073	-0.70710725	0	-0.7071073	-0.70710725	0	0	0	0	-0.08388972	-0.047407083	2.0489097e-09	NaN	NaN	NaN	2.0923078e-06	2.1387098e-06
0	0	-0.20758349	0	-0.707107	0.707107	0	0.7071073	-0.7071073	0	-0.70710725	-0.70710737	0	0	0	0	-0.08388972	-0.047407083	2.0489097e-09	NaN	NaN	NaN	2.0923078e-06	2.1474193e-06
0	0	-0.20758349	0	-0.707107	0.70710707	0	0.70710737	-0.70710737	0	-0.70710725	-0.7071073	0	0	0	0	-0.08388972	-0.047407083	2.0489097e-09	NaN	NaN	NaN	2.0923078e-06	2.156129e-06
0	0	-0.20758349	0	-0.707107	0.707107	0	0.7071073	-0.70710737	0	-0.7071073	-0.7071073	0	0	0	0	-0.083889715	-0.047407083	2.0489097e-09	NaN	NaN	NaN	2.0923078e-06	2.1648386e-06
0	0	-0.20758349	0	-0.707107	0.707107	0	0.7071073	-0.7071073	0	-0.70710737	-0.70710737	0	0	0	0	-0.08388972	-0.047407083	2.0489097e-09	NaN	NaN	NaN	2.0923078e-06	2.1735484e-06
0	0	-0.20758349	0	-0.707107	0.70710707	0	0.7071073	-0.70710737	0	-0.70710737	-0.7071073	0	0	0	0	-0.08388972	-0.04740708	2.0489097e-09	NaN	NaN	NaN	2.0923078e-06	2.182258e-06
0	0	-0.20758349	0	-0.707107	0.707107	0	0.70710737	-0.70710737	0	-0.70710737	-0.70710725	0	0	0	0	-0.08388972	-0.04740708	2.0489097e-09	NaN	NaN	NaN	2.0923078e-06	2.1909677e-06
0	0	-0.20758349	0	-0.707107	0.707107	0	0.7071073	-0.70710737	0	-0.70710725	-0.70710725	0	0	0	0	-0.08388972	-0.047407083	2.0489097e-09	NaN	NaN	NaN	2.0923078e-06	2.1996775e-06
0	0	-0.20758349	0	-0.707107	0.707107	0	0.70710737	-0.70710737	0	-0.70710737	-0.70710737	0	0	0	0	-0.08388972	-0.047407083	2.0489097e-09	NaN	NaN	NaN	2.0923078e-06	2.208387e-06
0	0	-0.20758349	0	-0.707107	0.707107	0	0.7071073	-0.70710725	0	-0.70710737	-0.7071073	0	0	0	0	-0.08388972	-0.047407083	2.0489097e-09	NaN	NaN	NaN	2.0923078e-06	2.2170968e-06
0	0	-0.20758349	0	-0.707107	0.707107	0	0.70710737	-0.7071073	0	-0.70710725	-0.70710725	0	0	0	0	-0.08388972	-0.047407083	2.0489097e-09	NaN	NaN	NaN	2.0923078e-06	2.2258064e-06
0	0	-0.20758349	0	-0.707107	0.707107	0	0.70710737	-0.70710737	0	-0.70710725	-0.70710725	0	0	0	0	-0.083889715	-0.04740708	2.0489097e-09	NaN	NaN	NaN	2.0923078e-06	2.2345162e-06
0	0	-0.20758349	0	-0.707107	0.707107	0	0.70710737	-0.7071073	0	-0.70710737	-0.70710737	0	0	0	0	-0.08388972	-0.047407083	2.0489097e-09	NaN	NaN	NaN	2.0923078e-06	2.2432257e-06
0	0	-0.20758349	0	-0.707107	0.707107	0	0.7071073	-0.70710737	0	-0.70710737	-0.70710737	0	0	0	0	-0.08388972	-0.047407083	2.0489097e-09	NaN	NaN	NaN	2.0923078e-06	2.2519355e-06
0	0	-0.20758349	0	-0.707107	0.707107	0	0.70710725	-0.7071073	0	-0.70710725	-0.70710737	0	0	0	0	-0.083889715	-0.047407083	2.0489097e-09	NaN	NaN	NaN	2.0923078e-06	2.2606453e-06
0	0	-0.20758349	0	-0.707107	0.707107	0	0.7071073	-0.7071073	0	-0.70710737	-0.70710737	0	0	0	0	-0.083889715	-0.047407083	2.0489097e-09	NaN	NaN	NaN	2.0923078e-06	2.2693548e-06
0	0	-0.20758349	0	-0.707107	0.707107	0	0.7071073	-0.70710737	0	-0.70710737	-0.7071073	0	0	0	0	-0.083889715	-0.047407083	2.0489097e-09	NaN	NaN	NaN	2.0923078e-06	2.2780646e-06
0	0	-0.20758349	0	-0.707107	0.707107	0	0.7071073	-0.70710737	0	-0.70710737	-0.70710725	0	0	0	0	-0.08388972	-0.04740708	2.0489097e-09	NaN	NaN	NaN	2.0923078e-06	2.2867741e-06
0	0	-0.20758349	0	-0.707107	0.707107	0	0.7071073	-0.70710725	0	-0.70710737	-0.70710725	0	0	0	0	-0.08388972	-0.047407083	2.0489097e-09	NaN	NaN	NaN	2.0923078e-06	2.295484e-06
0	0	-0.20758349	0	-0.707107	0.707107	0	0.70710737	-0.7071073	0	-0.70710737	-0.7071073	0	0	0	0	-0.08388972	-0.04740708	2.0489097e-09	NaN	NaN	NaN	2.0923078e-06	2.3041935e-06
0	0	-0.20758349	0	-0.707107	0.707107	0	0.70710737	-0.7071073	0	-0.70710737	-0.70710737	0	0	0	0	-0.083889715	-0.04740708	2.0489097e-09	NaN	NaN	NaN	2.0923078e-06	2.3129032e-06
0	0	-0.20758349	0	-0.70710707	0.707107	0	0.7071073	-0.7071073	0	-0.70710737	-0.7071073	0	0	0	0	-0.08388972	-0.047407083	2.0489097e-09	NaN	NaN	NaN	2.0923078e-06	2.321613e-06
0	0	-0.20758347	0	-0.707107	0.707107	0	0.70710737	-0.7071073	0	-0.70710737	-0.7071073	0	0	0	0	-0.08388972	-0.047407083	2.0489097e-09	NaN	NaN	NaN	2.0923078e-06	2.3303226e-06
0	0	-0.20758347	0	-0.707107	0.707107	0	0.70710737	-0.7071073	0	-0.70710737	-0.7071073	0	0	0	0	-0.08388972	-0.04740708	2.0489097e-09	NaN	NaN	NaN	2.0923078e-06	2.3390323e-06
0	0	-0.20758349	0	-0.707107	0.707107	0	0.70710737	-0.70710737	0	-0.70710737	-0.7071073	0	0	0	0	-0.08388972	-0.047407083	2.0489097e-09	NaN	NaN	NaN	2.0923078e-06	2.3477419e-06
0	0	-0.20758349	0	-0.707107	0.707107	0	0.7071073	-0.7071073	0	-0.70710725	-0.7071073	0	0	0	0	-0.08388972	-0.047407083	2.0489097e-09	NaN	NaN	NaN	2.0923078e-06	2.3564517e-06
0	0	-0.20758349	0	-0.707107	0.707107	0	0.7071073	-0.7071073	0	-0.70710725	-0.70710737	0	0	0	0	-0.08388972	-0.047407083	2.0489097e-09	NaN	NaN	NaN	2.0923078e-06	2.3651612e-06
0	0	-0.20758349	0	-0.707107	0.707107	0	0.7071073	-0.7071073	0	-0.70710737	-0.7071073	0	0	0	0	-0.08388972	-0.047407083	2.0489097e-09	NaN	NaN	NaN	2.0923078e-06	2.373871e-06
0	0	-0.20758349	0	-0.707107	0.707107	0	0.7071073	-0.70710737	0	-0.7071073	-0.7071073	0	0	0	0	-0.08388972	-0.047407083	2.0489097e-09	NaN	NaN	NaN	2.0923078e-06	2.3825805e-06
0	0	-0.20758349	0	-0.707107	0.707107	0	0.70710737	-0.7071073	0	-0.70710725	-0.7071073	0	0	0	0	-0.08388972	-0.047407083	2.0489097e-09	NaN	NaN	NaN	2.0923078e-06	2.3912903e-06
