# t (s)	mx ()	my ()	mz ()	m.region21x ()	m.region21y ()	m.region21z ()	m.region22x ()	m.region22y ()	m.region22z ()	m.region23x ()	m.region23y ()	m.region23z ()	B_extx (T)	B_exty (T)	B_extz (T)	B_eff.region6x (T)	B_eff.region6y (T)	B_eff.region6z (T)	B_eff.region9x (T)	B_eff.region9y (T)	B_eff.region9z (T)	step_x (No unit)	step_y (No unit)	points_TOP_wire (No unit)
0	0	-0.27360004	0	-0.7071067	0.7071067	0	0.7071069	-0.7071069	0	-0.70710695	-0.70710695	0	0	0	0	-0.003132721	-0.028765513	0.0054766685	NaN	NaN	NaN	0	1e-07	145
0	0	-0.27360004	0	-0.7071067	0.7071067	0	0.707107	-0.7071069	0	-0.70710695	-0.70710695	0	0	0	0	-0.028522806	-0.018578555	0.0054198694	NaN	NaN	NaN	1.3448276e-08	1e-07	145
0	0	-0.27360004	0	-0.7071067	0.7071067	0	0.707107	-0.7071069	0	-0.70710695	-0.70710695	0	0	0	0	-0.051542606	-0.011987666	0.0052359235	NaN	NaN	NaN	2.6896553e-08	1e-07	145
0	0	-0.27360004	0	-0.7071067	0.7071067	0	0.7071069	-0.707107	0	-0.70710695	-0.70710695	0	0	0	0	-0.070940636	-0.008725836	0.004951135	NaN	NaN	NaN	4.0344826e-08	1e-07	145
0	0	-0.27360004	0	-0.7071067	0.7071067	0	0.707107	-0.7071069	0	-0.70710695	-0.7071069	0	0	0	0	-0.086392894	-0.007900708	0.0045968797	NaN	NaN	NaN	5.3793105e-08	1e-07	145
0	0	-0.27360004	0	-0.7071067	0.7071067	0	0.7071069	-0.7071069	0	-0.7071069	-0.7071069	0	0	0	0	-0.0981641	-0.008616005	0.004202857	NaN	NaN	NaN	6.724138e-08	1e-07	145
0	0	-0.27360004	0	-0.7071067	0.7071067	0	0.707107	-0.707107	0	-0.7071069	-0.70710695	0	0	0	0	-0.10676578	-0.010171165	0.0037933912	NaN	NaN	NaN	8.068965e-08	1e-07	145
0	0	-0.27360004	0	-0.7071067	0.7071067	0	0.707107	-0.7071069	0	-0.70710695	-0.7071069	0	0	0	0	-0.1127696	-0.012071387	0.0033863427	NaN	NaN	NaN	9.413793e-08	1e-07	145
0	0	-0.27360004	0	-0.7071067	0.7071067	0	0.707107	-0.7071069	0	-0.70710695	-0.70710695	0	0	0	0	-0.11672166	-0.013992424	0.0029936365	NaN	NaN	NaN	1.0758621e-07	1e-07	145
0	0	-0.27360004	0	-0.7071067	0.7071067	0	0.7071069	-0.7071069	0	-0.70710695	-0.707107	0	0	0	0	-0.11911044	-0.015739977	0.0026223816	NaN	NaN	NaN	1.2103449e-07	1e-07	145
0	0	-0.27360004	0	-0.7071067	0.7071067	0	0.7071069	-0.7071069	0	-0.70710695	-0.70710695	0	0	0	0	-0.12035742	-0.017215561	0.0022760623	NaN	NaN	NaN	1.3448276e-07	1e-07	145
0	0	-0.27360004	0	-0.7071067	0.7071067	0	0.7071069	-0.7071069	0	-0.707107	-0.70710695	0	0	0	0	-0.12081838	-0.018389478	0.0019555502	NaN	NaN	NaN	1.4793103e-07	1e-07	145
0	0	-0.27360004	0	-0.7071067	0.7071067	0	0.7071069	-0.7071069	0	-0.70710695	-0.7071069	0	0	0	0	-0.12078767	-0.01927874	0.0016599206	NaN	NaN	NaN	1.613793e-07	1e-07	145
0	0	-0.27360004	0	-0.7071067	0.7071067	0	0.7071069	-0.7071069	0	-0.70710695	-0.70710695	0	0	0	0	-0.12050566	-0.019929731	0.0013870467	NaN	NaN	NaN	1.7482759e-07	1e-07	145
0	0	-0.27360004	0	-0.7071067	0.7071067	0	0.7071069	-0.7071069	0	-0.70710695	-0.7071069	0	0	0	0	-0.120165735	-0.020404872	0.0011340266	NaN	NaN	NaN	1.8827586e-07	1e-07	145
0	0	-0.27360004	0	-0.7071067	0.7071067	0	0.7071069	-0.7071069	0	-0.70710695	-0.7071069	0	0	0	0	-0.119923405	-0.02077349	0.00089745683	NaN	NaN	NaN	2.0172413e-07	1e-07	145
0	0	-0.27360004	0	-0.7071067	0.7071067	0	0.7071069	-0.7071069	0	-0.70710695	-0.70710695	0	0	0	0	-0.11990286	-0.02110611	0.00067361636	NaN	NaN	NaN	2.1517242e-07	1e-07	145
0	0	-0.27360004	0	-0.7071067	0.7071067	0	0.7071069	-0.7071069	0	-0.70710695	-0.7071069	0	0	0	0	-0.12020452	-0.021471737	0.00045854077	NaN	NaN	NaN	2.2862069e-07	1e-07	145
0	0	-0.27360007	0	-0.7071067	0.7071067	0	0.7071069	-0.7071069	0	-0.70710695	-0.70710695	0	0	0	0	-0.12090912	-0.021937221	0.00024804648	NaN	NaN	NaN	2.4206898e-07	1e-07	145
0	0	-0.27360004	0	-0.7071067	0.7071067	0	0.7071069	-0.7071069	0	-0.7071069	-0.70710695	0	0	0	0	-0.12208256	-0.022568371	3.7688667e-05	NaN	NaN	NaN	2.5551725e-07	1e-07	145
0	0	-0.27360007	0	-0.7071067	0.7071067	0	0.7071069	-0.7071069	0	-0.707107	-0.70710695	0	0	0	0	-0.123776495	-0.023431871	-0.00017730438	NaN	NaN	NaN	2.6896552e-07	1e-07	145
0	0	-0.27360004	0	-0.7071067	0.7071067	0	0.7071069	-0.7071069	0	-0.70710695	-0.70710695	0	0	0	0	-0.12602831	-0.024597954	-0.0004021338	NaN	NaN	NaN	2.824138e-07	1e-07	145
0	0	-0.27360004	0	-0.7071067	0.7071067	0	0.7071069	-0.7071069	0	-0.70710695	-0.70710695	0	0	0	0	-0.12885664	-0.026142905	-0.0006424917	NaN	NaN	NaN	2.9586207e-07	1e-07	145
0	0	-0.27360004	0	-0.7071067	0.7071067	0	0.707107	-0.7071069	0	-0.70710695	-0.70710695	0	0	0	0	-0.13225353	-0.02815113	-0.0009046333	NaN	NaN	NaN	3.0931034e-07	1e-07	145
0	0	-0.27360004	0	-0.7071067	0.7071067	0	0.7071069	-0.7071069	0	-0.70710695	-0.70710695	0	0	0	0	-0.13616838	-0.030715242	-0.0011953171	NaN	NaN	NaN	3.227586e-07	1e-07	145
0	0	-0.27360004	0	-0.7071067	0.7071067	0	0.7071069	-0.7071069	0	-0.707107	-0.70710695	0	0	0	0	-0.14048423	-0.03393246	-0.0015215484	NaN	NaN	NaN	3.362069e-07	1e-07	145
0	0	-0.27360004	0	-0.7071067	0.7071067	0	0.7071069	-0.7071069	0	-0.70710695	-0.70710695	0	0	0	0	-0.14497814	-0.037893288	-0.0018899324	NaN	NaN	NaN	3.4965518e-07	1e-07	145
0	0	-0.27360004	0	-0.7071067	0.7071067	0	0.707107	-0.7071069	0	-0.70710695	-0.70710695	0	0	0	0	-0.14926286	-0.04265608	-0.0023054236	NaN	NaN	NaN	3.6310345e-07	1e-07	145
0	0	-0.27360004	0	-0.7071067	0.7071067	0	0.7071069	-0.707107	0	-0.70710695	-0.70710695	0	0	0	0	-0.1526966	-0.048192743	-0.0027690476	NaN	NaN	NaN	3.7655172e-07	1e-07	145
0	0	-0.27360004	0	-0.7071067	0.7071067	0	0.7071069	-0.7071069	0	-0.70710695	-0.7071069	0	0	0	0	-0.15425448	-0.05426314	-0.0032744838	NaN	NaN	NaN	3.9e-07	1e-07	145
0	0	-0.27360004	0	-0.7071067	0.7071067	0	0.707107	-0.7071069	0	-0.70710695	-0.70710695	0	0	0	0	-0.15243228	-0.060107954	-0.0038040655	NaN	NaN	NaN	4.0344827e-07	1e-07	145
0	0	-0.27360004	0	-0.7071067	0.7071067	0	0.707107	-0.7071069	0	-0.70710695	-0.70710695	0	0	0	0	-0.14551482	-0.06404507	-0.004326571	NaN	NaN	NaN	4.1689654e-07	1e-07	145
0	0	-0.27360004	0	-0.7071067	0.7071067	0	0.7071069	-0.7071069	0	-0.70710695	-0.70710695	0	0	0	0	-0.13247883	-0.06358964	-0.004800469	NaN	NaN	NaN	4.3034484e-07	1e-07	145
0	0	-0.27360004	0	-0.7071067	0.7071067	0	0.7071069	-0.7071069	0	-0.70710695	-0.7071069	0	0	0	0	-0.11387267	-0.057018448	-0.005183726	NaN	NaN	NaN	4.437931e-07	1e-07	145
0	0	-0.27360004	0	-0.7071067	0.7071067	0	0.707107	-0.7071069	0	-0.70710695	-0.70710695	0	0	0	0	-0.09131355	-0.0453689	-0.005444543	NaN	NaN	NaN	4.5724138e-07	1e-07	145
0	0	-0.27360004	0	-0.7071067	0.7071067	0	0.707107	-0.707107	0	-0.70710695	-0.70710695	0	0	0	0	-0.06655926	-0.03215095	-0.00556672	NaN	NaN	NaN	4.7068966e-07	1e-07	145
0	0	-0.27360004	0	-0.7071067	0.7071067	0	0.7071069	-0.707107	0	-0.70710695	-0.70710695	0	0	0	0	-0.0417486	-0.020991238	-0.005550256	NaN	NaN	NaN	4.8413796e-07	1e-07	145
0	0	-0.27360004	0	-0.7071067	0.7071067	0	0.707107	-0.7071069	0	-0.70710695	-0.7071069	0	0	0	0	-0.019237757	-0.013606737	-0.0054101194	NaN	NaN	NaN	4.975862e-07	1e-07	145
0	0	-0.27360004	0	-0.7071067	0.7071067	0	0.7071069	-0.7071069	0	-0.70710695	-0.707107	0	0	0	0	-0.00058415293	-0.009779026	-0.005172407	NaN	NaN	NaN	5.110345e-07	1e-07	145
0	0	-0.27360004	0	-0.7071067	0.7071067	0	0.7071069	-0.7071069	0	-0.70710695	-0.70710695	0	0	0	0	0.013776166	-0.008525447	-0.004867922	NaN	NaN	NaN	5.2448274e-07	1e-07	145
0	0	-0.27360004	0	-0.7071067	0.7071067	0	0.707107	-0.7071069	0	-0.707107	-0.70710695	0	0	0	0	0.024111247	-0.008892261	-0.0045259763	NaN	NaN	NaN	5.3793104e-07	1e-07	145
0	0	-0.27360004	0	-0.7071067	0.7071067	0	0.7071069	-0.7071069	0	-0.70710695	-0.70710695	0	0	0	0	0.030947505	-0.010176644	-0.0041708155	NaN	NaN	NaN	5.513793e-07	1e-07	145
0	0	-0.2736	0	-0.7071067	0.7071067	0	0.707107	-0.7071069	0	-0.7071069	-0.70710695	0	0	0	0	0.03484812	-0.011893557	-0.0038205986	NaN	NaN	NaN	5.648276e-07	1e-07	145
0	0	-0.27360004	0	-0.7071067	0.7071067	0	0.7071069	-0.7071069	0	-0.70710695	-0.70710695	0	0	0	0	0.036337633	-0.0137236165	-0.003487943	NaN	NaN	NaN	5.782759e-07	1e-07	145
0	0	-0.27360004	0	-0.7071067	0.7071067	0	0.7071069	-0.7071069	0	-0.70710695	-0.70710695	0	0	0	0	0.03587882	-0.015472627	-0.0031810196	NaN	NaN	NaN	5.9172413e-07	1e-07	145
0	0	-0.27360004	0	-0.7071067	0.7071067	0	0.7071069	-0.7071069	0	-0.70710695	-0.70710695	0	0	0	0	0.03386702	-0.017042601	-0.0029046934	NaN	NaN	NaN	6.0517243e-07	1e-07	145
0	0	-0.27360004	0	-0.7071067	0.7071067	0	0.7071069	-0.7071069	0	-0.707107	-0.70710695	0	0	0	0	0.030630125	-0.018409034	-0.0026615162	NaN	NaN	NaN	6.186207e-07	1e-07	145
0	0	-0.27360004	0	-0.7071067	0.7071067	0	0.7071069	-0.7071069	0	-0.70710695	-0.70710695	0	0	0	0	0.026431456	-0.019601543	-0.0024525295	NaN	NaN	NaN	6.32069e-07	1e-07	145
0	0	-0.27360004	0	-0.7071067	0.7071067	0	0.7071069	-0.7071069	0	-0.707107	-0.70710695	0	0	0	0	0.021474706	-0.020688027	-0.002277907	NaN	NaN	NaN	6.455172e-07	1e-07	145
0	0	-0.27360004	0	-0.7071067	0.7071067	0	0.7071069	-0.7071069	0	-0.70710695	-0.70710695	0	0	0	0	0.015910575	-0.021762583	-0.0021374335	NaN	NaN	NaN	6.589655e-07	1e-07	145
0	0	-0.27360004	0	-0.7071067	0.7071067	0	0.707107	-0.7071069	0	-0.7071069	-0.70710695	0	0	0	0	0.0098441085	-0.022937823	-0.0020309074	NaN	NaN	NaN	6.724138e-07	1e-07	145
0	0	-0.27360004	0	-0.7071067	0.7071067	0	0.7071069	-0.7071069	0	-0.70710695	-0.70710695	0	0	0	0	0.0033426867	-0.024341231	-0.0019584275	NaN	NaN	NaN	6.8586206e-07	1e-07	145
0	0	-0.27360004	0	-0.7071067	0.7071067	0	0.7071069	-0.7071069	0	-0.70710695	-0.707107	0	0	0	0	-0.0035557218	-0.026115587	-0.0019206414	NaN	NaN	NaN	6.9931036e-07	1e-07	145
0	0	-0.27360004	0	-0.7071067	0.7071067	0	0.7071069	-0.7071069	0	-0.70710695	-0.7071069	0	0	0	0	-0.010834347	-0.028422425	-0.0019189494	NaN	NaN	NaN	7.127586e-07	1e-07	145
0	0	-0.27360004	0	-0.7071067	0.7071067	0	0.7071069	-0.7071069	0	-0.7071069	-0.70710695	0	0	0	0	-0.018486796	-0.031448588	-0.0019556442	NaN	NaN	NaN	7.262069e-07	1e-07	145
0	0	-0.27360004	0	-0.7071067	0.7071067	0	0.7071069	-0.7071069	0	-0.707107	-0.70710695	0	0	0	0	-0.026503684	-0.035414323	-0.0020339845	NaN	NaN	NaN	7.3965515e-07	1e-07	145
0	0	-0.2736	0	-0.7071067	0.7071067	0	0.7071069	-0.7071069	0	-0.70710695	-0.70710695	0	0	0	0	-0.034852628	-0.04058214	-0.0021580993	NaN	NaN	NaN	7.5310345e-07	1e-07	145
0	0	-0.27360004	0	-0.7071067	0.7071067	0	0.7071069	-0.7071069	0	-0.70710695	-0.70710695	0	0	0	0	-0.043447796	-0.04726208	-0.002332678	NaN	NaN	NaN	7.6655175e-07	1e-07	145
0	0	-0.27360004	0	-0.7071067	0.7071067	0	0.7071069	-0.7071069	0	-0.70710695	-0.70710695	0	0	0	0	-0.052103363	-0.05580628	-0.002562195	NaN	NaN	NaN	7.8e-07	1e-07	145
0	0	-0.27360004	0	-0.7071067	0.7071067	0	0.7071069	-0.7071069	0	-0.70710695	-0.70710695	0	0	0	0	-0.060467597	-0.066574976	-0.002849516	NaN	NaN	NaN	7.934483e-07	1e-07	145
0	0	-0.27360004	0	-0.7071067	0.7071067	0	0.7071069	-0.7071069	0	-0.7071069	-0.70710695	0	0	0	0	-0.067946054	-0.0798434	-0.0031937412	NaN	NaN	NaN	8.0689654e-07	1e-07	145
0	0	-0.27360004	0	-0.7071067	0.7071067	0	0.7071069	-0.7071069	0	-0.70710695	-0.70710695	0	0	0	0	-0.07366476	-0.095610306	-0.003587709	NaN	NaN	NaN	8.2034484e-07	1e-07	145
0	0	-0.27360004	0	-0.7071067	0.7071067	0	0.7071069	-0.7071069	0	-0.70710695	-0.7071069	0	0	0	0	-0.07660502	-0.11332222	-0.0040162373	NaN	NaN	NaN	8.337931e-07	1e-07	145
0	0	-0.2736	0	-0.7071067	0.7071067	0	0.7071069	-0.7071069	0	-0.70710695	-0.70710695	0	0	0	0	-0.076017484	-0.13174936	-0.0044569536	NaN	NaN	NaN	8.472414e-07	1e-07	145
0	0	-0.27360004	0	-0.7071067	0.7071067	0	0.7071069	-0.707107	0	-0.70710695	-0.7071069	0	0	0	0	-0.07188791	-0.1493262	-0.004884482	NaN	NaN	NaN	8.606897e-07	1e-07	145
0	0	-0.27360004	0	-0.7071067	0.7071067	0	0.7071069	-0.7071069	0	-0.70710695	-0.70710695	0	0	0	0	-0.064936206	-0.16481121	-0.005276271	NaN	NaN	NaN	8.741379e-07	1e-07	145
0	0	-0.27360004	0	-0.7071067	0.7071067	0	0.707107	-0.707107	0	-0.70710695	-0.70710695	0	0	0	0	-0.056149747	-0.17762671	-0.005616793	NaN	NaN	NaN	8.875862e-07	1e-07	145
0	0	-0.27360004	0	-0.7071067	0.7071067	0	0.7071069	-0.707107	0	-0.70710695	-0.70710695	0	0	0	0	-0.04636824	-0.18773302	-0.0058983043	NaN	NaN	NaN	9.0103447e-07	1e-07	145
0	0	-0.27360004	0	-0.7071067	0.7071067	0	0.7071069	-0.707107	0	-0.70710695	-0.70710695	0	0	0	0	-0.03614737	-0.19535029	-0.006119065	NaN	NaN	NaN	9.1448277e-07	1e-07	145
0	0	-0.27360004	0	-0.7071067	0.7071067	0	0.7071069	-0.707107	0	-0.70710695	-0.7071069	0	0	0	0	-0.025795491	-0.20076329	-0.0062807715	NaN	NaN	NaN	9.27931e-07	1e-07	145
0	0	-0.27360007	0	-0.7071067	0.7071067	0	0.7071069	-0.7071069	0	-0.70710695	-0.7071069	0	0	0	0	-0.015449783	-0.2042234	-0.0063863276	NaN	NaN	NaN	9.413793e-07	1e-07	145
0	0	-0.27360004	0	-0.7071067	0.7071067	0	0.7071069	-0.7071069	0	-0.70710695	-0.70710695	0	0	0	0	-0.0051437076	-0.20590815	-0.006438359	NaN	NaN	NaN	9.548276e-07	1e-07	145
0	0	-0.27360004	0	-0.7071067	0.7071067	0	0.7071069	-0.7071069	0	-0.70710695	-0.707107	0	0	0	0	NaN	NaN	NaN	NaN	NaN	NaN	9.682759e-07	1e-07	145
0	0	-0.2736	0	-0.7071067	0.7071067	0	0.7071069	-0.7071069	0	-0.70710695	-0.70710695	0	0	0	0	0.005143682	-0.20590816	-0.0064383578	NaN	NaN	NaN	9.817242e-07	1e-07	145
0	0	-0.27360004	0	-0.7071067	0.7071067	0	0.7071069	-0.7071069	0	-0.70710695	-0.70710695	0	0	0	0	0.015449818	-0.2042234	-0.0063863276	NaN	NaN	NaN	9.951724e-07	1e-07	145
0	0	-0.27360004	0	-0.7071067	0.7071067	0	0.7071069	-0.7071069	0	-0.70710695	-0.70710695	0	0	0	0	0.025795493	-0.20076331	-0.0062807696	NaN	NaN	NaN	1.0086206e-06	1e-07	145
0	0	-0.27360004	0	-0.7071067	0.7071067	0	0.7071069	-0.7071069	0	-0.70710695	-0.70710695	0	0	0	0	0.036147382	-0.19535029	-0.006119061	NaN	NaN	NaN	1.022069e-06	1e-07	145
0	0	-0.27360004	0	-0.7071067	0.7071067	0	0.7071069	-0.7071069	0	-0.70710695	-0.70710695	0	0	0	0	0.04636821	-0.18773305	-0.0058982987	NaN	NaN	NaN	1.0355172e-06	1e-07	145
0	0	-0.27360004	0	-0.7071067	0.7071067	0	0.7071069	-0.7071069	0	-0.707107	-0.707107	0	0	0	0	0.05614974	-0.17762668	-0.0056167925	NaN	NaN	NaN	1.0489655e-06	1e-07	145
0	0	-0.27360004	0	-0.7071067	0.7071067	0	0.7071069	-0.7071069	0	-0.70710695	-0.70710695	0	0	0	0	0.06493623	-0.16481125	-0.0052762744	NaN	NaN	NaN	1.0624138e-06	1e-07	145
0	0	-0.27360004	0	-0.7071067	0.7071067	0	0.7071069	-0.7071069	0	-0.70710695	-0.70710695	0	0	0	0	0.07188794	-0.14932618	-0.0048844838	NaN	NaN	NaN	1.0758621e-06	1e-07	145
0	0	-0.27360004	0	-0.7071067	0.7071067	0	0.7071069	-0.7071069	0	-0.707107	-0.70710695	0	0	0	0	0.07601752	-0.13174939	-0.004456958	NaN	NaN	NaN	1.0893103e-06	1e-07	145
0	0	-0.27360004	0	-0.7071067	0.7071067	0	0.7071069	-0.7071069	0	-0.70710695	-0.7071069	0	0	0	0	0.07660501	-0.11332218	-0.004016241	NaN	NaN	NaN	1.1027586e-06	1e-07	145
0	0	-0.27360004	0	-0.7071067	0.7071067	0	0.7071069	-0.7071069	0	-0.707107	-0.70710695	0	0	0	0	0.07366477	-0.09561033	-0.0035877095	NaN	NaN	NaN	1.1162069e-06	1e-07	145
0	0	-0.27360004	0	-0.7071067	0.7071067	0	0.7071069	-0.7071069	0	-0.70710695	-0.70710695	0	0	0	0	0.06794607	-0.07984338	-0.0031937414	NaN	NaN	NaN	1.1296552e-06	1e-07	145
0	0	-0.27360007	0	-0.7071067	0.7071067	0	0.7071069	-0.7071069	0	-0.70710695	-0.70710695	0	0	0	0	0.060467567	-0.066575	-0.0028495167	NaN	NaN	NaN	1.1431034e-06	1e-07	145
0	0	-0.27360004	0	-0.7071067	0.7071067	0	0.7071069	-0.707107	0	-0.70710695	-0.70710695	0	0	0	0	0.052103344	-0.055806268	-0.0025621974	NaN	NaN	NaN	1.1565518e-06	1e-07	145
0	0	-0.27360004	0	-0.7071067	0.7071067	0	0.7071069	-0.7071069	0	-0.70710695	-0.70710695	0	0	0	0	0.04344781	-0.047262102	-0.002332683	NaN	NaN	NaN	1.17e-06	1e-07	145
0	0	-0.27360004	0	-0.7071067	0.7071067	0	0.7071069	-0.7071069	0	-0.70710695	-0.70710695	0	0	0	0	0.034852613	-0.040582135	-0.0021581	NaN	NaN	NaN	1.1834483e-06	1e-07	145
0	0	-0.27360007	0	-0.7071067	0.7071067	0	0.7071069	-0.7071069	0	-0.70710695	-0.70710695	0	0	0	0	0.026503699	-0.035414338	-0.0020339875	NaN	NaN	NaN	1.1968965e-06	1e-07	145
0	0	-0.27360004	0	-0.7071067	0.7071067	0	0.707107	-0.7071069	0	-0.70710695	-0.70710695	0	0	0	0	0.018486785	-0.031448577	-0.0019556493	NaN	NaN	NaN	1.2103449e-06	1e-07	145
0	0	-0.2736	0	-0.7071067	0.7071067	0	0.7071069	-0.7071069	0	-0.70710695	-0.70710695	0	0	0	0	0.010834355	-0.028422436	-0.0019189487	NaN	NaN	NaN	1.2237931e-06	1e-07	145
0	0	-0.2736	0	-0.7071067	0.7071067	0	0.7071069	-0.7071069	0	-0.70710695	-0.707107	0	0	0	0	0.0035557025	-0.026115578	-0.0019206385	NaN	NaN	NaN	1.2372413e-06	1e-07	145
0	0	-0.27360004	0	-0.7071067	0.7071067	0	0.7071069	-0.7071069	0	-0.70710695	-0.70710695	0	0	0	0	-0.0033427118	-0.024341246	-0.0019584242	NaN	NaN	NaN	1.2506897e-06	1e-07	145
0	0	-0.27360004	0	-0.7071067	0.7071067	0	0.7071069	-0.7071069	0	-0.70710695	-0.70710695	0	0	0	0	-0.009844072	-0.022937827	-0.002030905	NaN	NaN	NaN	1.264138e-06	1e-07	145
0	0	-0.27360004	0	-0.7071067	0.7071067	0	0.7071069	-0.7071069	0	-0.70710695	-0.7071069	0	0	0	0	-0.015910536	-0.021762598	-0.0021374393	NaN	NaN	NaN	1.2775862e-06	1e-07	145
0	0	-0.27360004	0	-0.7071067	0.7071067	0	0.7071069	-0.7071069	0	-0.707107	-0.7071069	0	0	0	0	-0.021474712	-0.02068803	-0.002277909	NaN	NaN	NaN	1.2910344e-06	1e-07	145
0	0	-0.27360004	0	-0.7071067	0.7071067	0	0.7071069	-0.7071069	0	-0.707107	-0.70710695	0	0	0	0	-0.026431449	-0.019601552	-0.0024525342	NaN	NaN	NaN	1.3044828e-06	1e-07	145
0	0	-0.27360004	0	-0.7071067	0.7071067	0	0.7071069	-0.7071069	0	-0.70710695	-0.70710695	0	0	0	0	-0.030630134	-0.018409034	-0.0026615206	NaN	NaN	NaN	1.317931e-06	1e-07	145
0	0	-0.27360007	0	-0.7071067	0.7071067	0	0.7071069	-0.7071069	0	-0.70710695	-0.70710695	0	0	0	0	-0.033866998	-0.017042605	-0.0029047045	NaN	NaN	NaN	1.3313793e-06	1e-07	145
0	0	-0.27360004	0	-0.7071067	0.7071067	0	0.7071069	-0.7071069	0	-0.70710695	-0.70710695	0	0	0	0	-0.035878833	-0.015472624	-0.003181026	NaN	NaN	NaN	1.3448276e-06	1e-07	145
0	0	-0.27360004	0	-0.7071067	0.7071067	0	0.7071069	-0.7071069	0	-0.70710695	-0.7071069	0	0	0	0	-0.03633765	-0.013723625	-0.0034879502	NaN	NaN	NaN	1.3582759e-06	1e-07	145
0	0	-0.27360004	0	-0.7071067	0.7071067	0	0.7071069	-0.7071069	0	-0.707107	-0.70710695	0	0	0	0	-0.034848116	-0.011893547	-0.0038205995	NaN	NaN	NaN	1.3717241e-06	1e-07	145
0	0	-0.27360004	0	-0.7071067	0.7071067	0	0.707107	-0.707107	0	-0.7071069	-0.70710695	0	0	0	0	-0.030947503	-0.010176663	-0.0041708206	NaN	NaN	NaN	1.3851724e-06	1e-07	145
0	0	-0.27360004	0	-0.7071067	0.7071067	0	0.7071069	-0.7071069	0	-0.70710695	-0.70710695	0	0	0	0	-0.024111236	-0.008892262	-0.004525982	NaN	NaN	NaN	1.3986207e-06	1e-07	145
0	0	-0.27360004	0	-0.7071067	0.7071067	0	0.7071069	-0.7071069	0	-0.70710695	-0.7071069	0	0	0	0	-0.013776173	-0.008525465	-0.004867929	NaN	NaN	NaN	1.412069e-06	1e-07	145
0	0	-0.27360004	0	-0.7071067	0.7071067	0	0.7071069	-0.707107	0	-0.70710695	-0.70710695	0	0	0	0	0.00058417226	-0.009779015	-0.005172414	NaN	NaN	NaN	1.4255172e-06	1e-07	145
0	0	-0.2736	0	-0.7071067	0.7071067	0	0.7071069	-0.7071069	0	-0.70710695	-0.70710695	0	0	0	0	0.019237753	-0.013606745	-0.0054101255	NaN	NaN	NaN	1.4389656e-06	1e-07	145
0	0	-0.27360004	0	-0.7071067	0.7071067	0	0.7071069	-0.7071069	0	-0.70710695	-0.70710695	0	0	0	0	0.041748654	-0.020991227	-0.0055502597	NaN	NaN	NaN	1.4524138e-06	1e-07	145
0	0	-0.27360004	0	-0.7071067	0.7071067	0	0.7071069	-0.7071069	0	-0.70710695	-0.70710695	0	0	0	0	0.06655921	-0.03215095	-0.005566722	NaN	NaN	NaN	1.465862e-06	1e-07	145
0	0	-0.2736	0	-0.7071067	0.7071067	0	0.7071069	-0.7071069	0	-0.7071069	-0.70710695	0	0	0	0	0.09131359	-0.04536889	-0.0054445458	NaN	NaN	NaN	1.4793103e-06	1e-07	145
0	0	-0.2736	0	-0.7071067	0.7071067	0	0.7071069	-0.7071069	0	-0.70710695	-0.70710695	0	0	0	0	0.11387261	-0.05701844	-0.005183731	NaN	NaN	NaN	1.4927587e-06	1e-07	145
0	0	-0.27360007	0	-0.7071067	0.7071067	0	0.7071069	-0.7071069	0	-0.707107	-0.70710695	0	0	0	0	0.13247888	-0.06358963	-0.004800471	NaN	NaN	NaN	1.5062069e-06	1e-07	145
0	0	-0.27360004	0	-0.7071067	0.7071067	0	0.7071069	-0.7071069	0	-0.7071069	-0.7071069	0	0	0	0	0.14551474	-0.06404506	-0.0043265717	NaN	NaN	NaN	1.5196551e-06	1e-07	145
0	0	-0.27360004	0	-0.7071067	0.7071067	0	0.7071069	-0.707107	0	-0.70710695	-0.70710695	0	0	0	0	0.15243231	-0.060107954	-0.0038040644	NaN	NaN	NaN	1.5331035e-06	1e-07	145
0	0	-0.27360004	0	-0.7071067	0.7071067	0	0.7071069	-0.7071069	0	-0.7071069	-0.70710695	0	0	0	0	0.15425444	-0.05426313	-0.003274479	NaN	NaN	NaN	1.5465517e-06	1e-07	145
0	0	-0.27360004	0	-0.7071067	0.7071067	0	0.7071069	-0.7071069	0	-0.70710695	-0.70710695	0	0	0	0	0.15269658	-0.048192732	-0.0027690425	NaN	NaN	NaN	1.56e-06	1e-07	145
0	0	-0.27360004	0	-0.7071067	0.7071067	0	0.7071069	-0.7071069	0	-0.70710695	-0.70710695	0	0	0	0	0.14926286	-0.042656068	-0.0023054199	NaN	NaN	NaN	1.5734482e-06	1e-07	145
0	0	-0.27360004	0	-0.7071067	0.7071067	0	0.707107	-0.707107	0	-0.70710695	-0.70710695	0	0	0	0	0.14497815	-0.037893288	-0.0018899257	NaN	NaN	NaN	1.5868966e-06	1e-07	145
0	0	-0.27360004	0	-0.7071067	0.7071067	0	0.7071069	-0.7071069	0	-0.70710695	-0.707107	0	0	0	0	0.14048414	-0.03393245	-0.0015215438	NaN	NaN	NaN	1.6003448e-06	1e-07	145
0	0	-0.27360007	0	-0.7071067	0.7071067	0	0.7071069	-0.7071069	0	-0.70710695	-0.70710695	0	0	0	0	0.13616845	-0.030715248	-0.001195312	NaN	NaN	NaN	1.6137931e-06	1e-07	145
0	0	-0.27360004	0	-0.7071067	0.7071067	0	0.707107	-0.7071069	0	-0.70710695	-0.70710695	0	0	0	0	0.13225348	-0.028151125	-0.00090463215	NaN	NaN	NaN	1.6272414e-06	1e-07	145
0	0	-0.27360007	0	-0.7071067	0.7071067	0	0.7071069	-0.7071069	0	-0.70710695	-0.70710695	0	0	0	0	0.12885673	-0.026142908	-0.0006424872	NaN	NaN	NaN	1.6406897e-06	1e-07	145
0	0	-0.27360007	0	-0.7071067	0.7071067	0	0.7071069	-0.7071069	0	-0.70710695	-0.70710695	0	0	0	0	0.12602827	-0.024597945	-0.00040213176	NaN	NaN	NaN	1.6541379e-06	1e-07	145
0	0	-0.27360004	0	-0.7071067	0.7071067	0	0.7071069	-0.7071069	0	-0.70710695	-0.70710695	0	0	0	0	0.12377651	-0.02343188	-0.00017730898	NaN	NaN	NaN	1.6675862e-06	1e-07	145
0	0	-0.27360004	0	-0.7071067	0.7071067	0	0.7071069	-0.7071069	0	-0.70710695	-0.7071069	0	0	0	0	0.12208256	-0.022568364	3.768544e-05	NaN	NaN	NaN	1.6810345e-06	1e-07	145
0	0	-0.27360004	0	-0.7071067	0.7071067	0	0.7071069	-0.7071069	0	-0.707107	-0.70710695	0	0	0	0	0.120909244	-0.021937227	0.0002480456	NaN	NaN	NaN	1.6944828e-06	1e-07	145
0	0	-0.27360004	0	-0.7071067	0.7071067	0	0.707107	-0.7071069	0	-0.70710695	-0.70710695	0	0	0	0	0.120204456	-0.021471728	0.00045853728	NaN	NaN	NaN	1.707931e-06	1e-07	145
0	0	-0.27360004	0	-0.7071067	0.7071067	0	0.7071069	-0.707107	0	-0.70710695	-0.7071069	0	0	0	0	0.11990294	-0.021106115	0.0006736108	NaN	NaN	NaN	1.7213794e-06	1e-07	145
0	0	-0.27360004	0	-0.7071067	0.7071067	0	0.707107	-0.7071069	0	-0.7071069	-0.70710695	0	0	0	0	0.119923316	-0.02077348	0.00089745154	NaN	NaN	NaN	1.7348276e-06	1e-07	145
0	0	-0.27360004	0	-0.7071067	0.7071067	0	0.7071069	-0.707107	0	-0.70710695	-0.70710695	0	0	0	0	0.12016578	-0.020404872	0.0011340212	NaN	NaN	NaN	1.7482758e-06	1e-07	145
0	0	-0.27360004	0	-0.7071067	0.7071067	0	0.7071069	-0.7071069	0	-0.70710695	-0.7071069	0	0	0	0	0.12050556	-0.019929718	0.0013870471	NaN	NaN	NaN	1.7617241e-06	1e-07	145
0	0	-0.27360004	0	-0.7071067	0.7071067	0	0.7071069	-0.7071069	0	-0.70710695	-0.7071069	0	0	0	0	0.12078774	-0.019278746	0.001659921	NaN	NaN	NaN	1.7751724e-06	1e-07	145
0	0	-0.27360004	0	-0.7071067	0.7071067	0	0.7071069	-0.7071069	0	-0.70710695	-0.70710695	0	0	0	0	0.120818324	-0.018389465	0.0019555502	NaN	NaN	NaN	1.7886207e-06	1e-07	145
0	0	-0.27360004	0	-0.7071067	0.7071067	0	0.707107	-0.7071069	0	-0.7071069	-0.70710695	0	0	0	0	0.12035747	-0.017215565	0.0022760583	NaN	NaN	NaN	1.8020689e-06	1e-07	145
0	0	-0.27360004	0	-0.7071067	0.7071067	0	0.7071069	-0.7071069	0	-0.70710695	-0.707107	0	0	0	0	0.11911035	-0.01573997	0.002622374	NaN	NaN	NaN	1.8155173e-06	1e-07	145
0	0	-0.27360004	0	-0.7071067	0.7071067	0	0.7071069	-0.7071069	0	-0.7071069	-0.70710695	0	0	0	0	0.11672167	-0.01399243	0.002993629	NaN	NaN	NaN	1.8289655e-06	1e-07	145
0	0	-0.27360004	0	-0.7071067	0.7071067	0	0.7071069	-0.707107	0	-0.70710695	-0.70710695	0	0	0	0	0.11276957	-0.012071376	0.0033863399	NaN	NaN	NaN	1.8424138e-06	1e-07	145
0	0	-0.27360004	0	-0.7071067	0.7071067	0	0.7071069	-0.7071069	0	-0.70710695	-0.70710695	0	0	0	0	0.10676583	-0.010171165	0.0037933919	NaN	NaN	NaN	1.855862e-06	1e-07	145
0	0	-0.27360007	0	-0.7071067	0.7071067	0	0.7071069	-0.7071069	0	-0.70710695	-0.70710695	0	0	0	0	0.09816409	-0.008615997	0.004202865	NaN	NaN	NaN	1.8693104e-06	1e-07	145
0	0	-0.27360004	0	-0.7071067	0.7071067	0	0.707107	-0.7071069	0	-0.70710695	-0.70710695	0	0	0	0	0.08639291	-0.007900715	0.004596887	NaN	NaN	NaN	1.8827586e-06	1e-07	145
0	0	-0.27360004	0	-0.7071067	0.7071067	0	0.707107	-0.7071069	0	-0.70710695	-0.70710695	0	0	0	0	0.070940614	-0.008725827	0.0049511455	NaN	NaN	NaN	1.8962069e-06	1e-07	145
0	0	-0.27360004	0	-0.7071067	0.7071067	0	0.7071069	-0.7071069	0	-0.70710695	-0.7071069	0	0	0	0	0.051542636	-0.011987665	0.0052359235	NaN	NaN	NaN	1.909655e-06	1e-07	145
0	0	-0.27360004	0	-0.7071067	0.7071067	0	0.7071069	-0.7071069	0	-0.70710695	-0.7071069	0	0	0	0	0.028522836	-0.018578539	0.0054198685	NaN	NaN	NaN	1.9231034e-06	1e-07	145
0	0	-0.27360004	0	-0.7071067	0.7071067	0	0.707107	-0.707107	0	-0.70710695	-0.7071069	0	0	0	0	0.0031326748	-0.028765531	0.0054766657	NaN	NaN	NaN	1.9365518e-06	1e-07	145
0	0	-0.27360004	0	-0.7071067	0.7071067	0	0.707107	-0.7071069	0	-0.70710695	-0.70710695	0	0	0	0	0.0031326748	-0.028765531	0.0054766666	4.617808e-09	-0.08092124	4.811833e-09	1.9365518e-06	5e-08	145
0	0	-0.27360004	0	-0.7071067	0.7071067	0	0.7071069	-0.7071069	0	-0.70710695	-0.70710695	0	0	0	0	0.0031326748	-0.028765531	0.0054766657	5.8013634e-09	-0.07871746	5.01556e-09	1.9365518e-06	5.551282e-08	145
0	0	-0.27360004	0	-0.7071067	0.7071067	0	0.7071069	-0.7071069	0	-0.707107	-0.70710695	0	0	0	0	0.0031326748	-0.028765531	0.0054766657	5.109339e-09	-0.07659982	5.0414304e-09	1.9365518e-06	6.102564e-08	145
0	0	-0.27360004	0	-0.7071067	0.7071067	0	0.707107	-0.707107	0	-0.7071069	-0.70710695	0	0	0	0	0.0031326748	-0.028765531	0.0054766657	4.3267696e-09	-0.07456242	4.8676156e-09	1.9365518e-06	6.653846e-08	145
0	0	-0.27360004	0	-0.7071067	0.7071067	0	0.7071069	-0.7071069	0	-0.70710695	-0.70710695	0	0	0	0	0.0031326748	-0.028765531	0.0054766666	4.6022857e-09	-0.072599836	4.617808e-09	1.9365518e-06	7.205128e-08	145
0	0	-0.27360004	0	-0.7071067	0.7071067	0	0.7071069	-0.7071069	0	-0.70710695	-0.70710695	0	0	0	0	0.0031326748	-0.028765531	0.0054766666	5.1843623e-09	-0.06866416	4.6236286e-09	1.9365518e-06	7.75641e-08	145
0	0	-0.27360007	0	-0.7071067	0.7071067	0	0.7071069	-0.707107	0	-0.70710695	-0.70710695	0	0	0	0	0.0031326748	-0.028765531	0.0054766657	5.044664e-09	-0.06494399	4.932129e-09	1.9365518e-06	8.307692e-08	145
0	0	-0.27360004	0	-0.7071067	0.7071067	0	0.7071069	-0.7071069	0	-0.70710695	-0.70710695	0	0	0	0	0.0031326748	-0.028765531	0.0054766666	5.820766e-09	-0.06141971	5.3056284e-09	1.9365518e-06	8.858974e-08	145
0	0	-0.27360004	0	-0.7071067	0.7071067	0	0.7071069	-0.707107	0	-0.70710695	-0.7071069	0	0	0	0	0.0031326748	-0.028765531	0.0054766657	6.8219377e-09	-0.05807346	6.0603877e-09	1.9365518e-06	9.410257e-08	145
0	0	-0.27360004	0	-0.7071067	0.7071067	0	0.707107	-0.7071069	0	-0.70710695	-0.7071069	0	0	0	0	0.0031326748	-0.028765531	0.0054766666	6.944174e-09	-0.054888923	6.827759e-09	1.9365518e-06	9.9615384e-08	145
0	0	-0.27360004	0	-0.7071067	0.7071067	0	0.7071069	-0.707107	0	-0.7071069	-0.7071069	0	0	0	0	0.0031326748	-0.028765531	0.0054766666	6.589107e-09	-0.0518512	6.8491013e-09	1.9365518e-06	1.0512821e-07	145
0	0	-0.27360004	0	-0.7071067	0.7071067	0	0.7071069	-0.7071069	0	-0.707107	-0.70710695	0	0	0	0	0.0031326748	-0.028765531	0.0054766666	6.443588e-09	-0.048946597	6.1476992e-09	1.9365518e-06	1.10641025e-07	145
0	0	-0.27360004	0	-0.7071067	0.7071067	0	0.707107	-0.7071069	0	-0.70710695	-0.70710695	0	0	0	0	0.0031326748	-0.028765531	0.0054766657	6.3019496e-09	-0.0461625	4.901085e-09	1.9365518e-06	1.1615385e-07	145
0	0	-0.27360004	0	-0.7071067	0.7071067	0	0.707107	-0.7071069	0	-0.70710695	-0.7071069	0	0	0	0	0.0031326748	-0.028765531	0.0054766657	6.639554e-09	-0.043487415	3.7718566e-09	1.9365518e-06	1.2166667e-07	145
0	0	-0.27360004	0	-0.7071067	0.7071067	0	0.7071069	-0.7071069	0	-0.70710695	-0.70710695	0	0	0	0	0.0031326748	-0.028765531	0.0054766666	5.8362883e-09	-0.04091073	2.8434441e-09	1.9365518e-06	1.2717949e-07	145
0	0	-0.27360004	0	-0.7071067	0.7071067	0	0.7071069	-0.7071069	0	-0.70710695	-0.70710695	0	0	0	0	0.0031326748	-0.028765531	0.0054766657	5.8382286e-09	-0.038422566	2.0537603e-09	1.9365518e-06	1.326923e-07	145
0	0	-0.27360004	0	-0.7071067	0.7071067	0	0.7071069	-0.7071069	0	-0.7071069	-0.7071069	0	0	0	0	0.0031326748	-0.028765531	0.0054766657	5.706291e-09	-0.036013883	1.4590721e-09	1.9365518e-06	1.3820512e-07	145
0	0	-0.27360004	0	-0.7071067	0.7071067	0	0.7071069	-0.7071069	0	-0.70710695	-0.70710695	0	0	0	0	0.0031326748	-0.028765531	0.0054766657	5.7237535e-09	-0.033676352	1.2485544e-09	1.9365518e-06	1.4371795e-07	145
0	0	-0.27360004	0	-0.7071067	0.7071067	0	0.7071069	-0.7071069	0	-0.70710695	-0.70710695	0	0	0	0	0.0031326748	-0.028765531	0.0054766657	4.885563e-09	-0.03140212	1.7074248e-10	1.9365518e-06	1.4923077e-07	145
0	0	-0.27360004	0	-0.7071067	0.7071067	0	0.7071069	-0.7071069	0	-0.7071069	-0.70710695	0	0	0	0	0.0031326748	-0.028765531	0.0054766657	5.2173466e-09	-0.02918404	-9.507252e-10	1.9365518e-06	1.5474359e-07	145
0	0	-0.27360004	0	-0.7071067	0.7071067	0	0.7071069	-0.7071069	0	-0.707107	-0.70710695	0	0	0	0	0.0031326748	-0.028765531	0.0054766657	4.2840838e-09	-0.027015507	-1.9179425e-09	1.9365518e-06	1.602564e-07	145
0	0	-0.27360004	0	-0.7071067	0.7071067	0	0.7071069	-0.7071069	0	-0.70710695	-0.70710695	0	0	0	0	0.0031326748	-0.028765531	0.0054766666	3.3294782e-09	-0.024890358	-2.50875e-09	1.9365518e-06	1.6576924e-07	145
0	0	-0.27360004	0	-0.7071067	0.7071067	0	0.707107	-0.7071069	0	-0.70710695	-0.7071069	0	0	0	0	0.0031326748	-0.028765531	0.0054766666	2.6018825e-09	-0.022802921	-2.9045624e-09	1.9365518e-06	1.7128205e-07	145
0	0	-0.27360007	0	-0.7071067	0.7071067	0	0.7071069	-0.7071069	0	-0.70710695	-0.70710695	0	0	0	0	0.0031326748	-0.028765531	0.0054766666	1.7520506e-09	-0.020748008	-2.7939677e-09	1.9365518e-06	1.7679487e-07	145
0	0	-0.27360004	0	-0.7071067	0.7071067	0	0.7071069	-0.7071069	0	-0.70710695	-0.70710695	0	0	0	0	0.0031326748	-0.028765531	0.0054766657	6.131207e-10	-0.01872077	-2.7085965e-09	1.9365518e-06	1.8230769e-07	145
0	0	-0.27360004	0	-0.7071067	0.7071067	0	0.7071069	-0.7071069	0	-0.707107	-0.7071069	0	0	0	0	0.0031326748	-0.028765531	0.0054766657	7.1789447e-10	-0.016716868	-2.3933049e-09	1.9365518e-06	1.8782052e-07	145
0	0	-0.27360004	0	-0.7071067	0.7071067	0	0.707107	-0.7071069	0	-0.70710695	-0.70710695	0	0	0	0	0.0031326748	-0.028765531	0.0054766657	1.1272884e-09	-0.014732369	-2.2293534e-09	1.9365518e-06	1.9333334e-07	145
0	0	-0.27360004	0	-0.7071067	0.7071067	0	0.7071069	-0.7071069	0	-0.70710695	-0.70710695	0	0	0	0	0.0031326748	-0.028765531	0.0054766657	6.2282196e-10	-0.01276371	-2.4602438e-09	1.9365518e-06	1.9884615e-07	145
0	0	-0.2736	0	-0.7071067	0.7071067	0	0.7071069	-0.7071069	0	-0.70710695	-0.70710695	0	0	0	0	0.0031326748	-0.028765531	0.0054766666	9.555757e-10	-0.010807812	-2.7677742e-09	1.9365518e-06	2.0435897e-07	145
0	0	-0.2736	0	-0.7071067	0.7071067	0	0.7071069	-0.7071069	0	-0.70710695	-0.70710695	0	0	0	0	0.0031326748	-0.028765531	0.0054766657	1.6644965e-09	-0.00886199	-3.0685139e-09	1.9365518e-06	2.098718e-07	145
0	0	-0.27360004	0	-0.7071067	0.7071067	0	0.7071069	-0.7071069	0	-0.70710695	-0.70710695	0	0	0	0	0.0031326748	-0.028765531	0.0054766666	2.1706608e-09	-0.0069240155	-2.5504656e-09	1.9365518e-06	2.1538462e-07	145
0	0	-0.27360004	0	-0.7071067	0.7071067	0	0.7071069	-0.707107	0	-0.70710695	-0.70710695	0	0	0	0	0.0031326748	-0.028765531	0.0054766657	1.7653898e-09	-0.004992108	-2.3574103e-09	1.9365518e-06	2.2089743e-07	145
0	0	-0.27360004	0	-0.7071067	0.7071067	0	0.7071069	-0.7071069	0	-0.70710695	-0.70710695	0	0	0	0	0.0031326748	-0.028765531	0.0054766666	1.8553692e-09	-0.003065017	-1.7927959e-09	1.9365518e-06	2.2641025e-07	145
0	0	-0.27360004	0	-0.7071067	0.7071067	0	0.7071069	-0.7071069	0	-0.7071069	-0.70710695	0	0	0	0	0.0031326748	-0.028765531	0.0054766657	2.0683122e-09	-0.0011420461	-1.1845259e-09	1.9365518e-06	2.3192308e-07	145
0	0	-0.2736	0	-0.7071067	0.7071067	0	0.7071069	-0.7071069	0	-0.70710695	-0.70710695	0	0	0	0	0.0031326748	-0.028765531	0.0054766657	2.0683122e-09	0.0007769268	-4.5984053e-10	1.9365518e-06	2.374359e-07	145
0	0	-0.27360004	0	-0.7071067	0.7071067	0	0.7071069	-0.707107	0	-0.70710695	-0.70710695	0	0	0	0	0.0031326748	-0.028765531	0.0054766657	2.0314475e-09	0.0026913995	-1.0758716e-09	1.9365518e-06	2.4294872e-07	145
0	0	-0.27360004	0	-0.7071067	0.7071067	0	0.7071069	-0.7071069	0	-0.7071069	-0.70710695	0	0	0	0	0.0031326748	-0.028765531	0.0054766657	3.0529919e-09	0.0046001533	-1.5813081e-09	1.9365518e-06	2.4846153e-07	145
0	0	-0.27360004	0	-0.7071067	0.7071067	0	0.7071069	-0.7071069	0	-0.70710695	-0.70710695	0	0	0	0	0.0031326748	-0.028765531	0.0054766657	3.0762748e-09	0.006501215	-1.7792142e-09	1.9365518e-06	2.5397435e-07	145
0	0	-0.27360007	0	-0.7071067	0.7071067	0	0.7071069	-0.707107	0	-0.7071069	-0.70710695	0	0	0	0	0.0031326748	-0.028765531	0.0054766666	3.326568e-09	0.008391788	-1.4319085e-09	1.9365518e-06	2.5948717e-07	145
0	0	-0.27360004	0	-0.7071067	0.7071067	0	0.707107	-0.7071069	0	-0.7071069	-0.70710695	0	0	0	0	0.0031326748	-0.028765531	0.0054766657	3.616636e-09	0.010268151	-1.0069925e-09	1.9365518e-06	2.65e-07	145
0	0	-0.27360004	0	-0.7071067	0.7071067	0	0.707107	-0.707107	0	-0.70710695	-0.70710695	0	0	0	0	0.0031326748	-0.028765531	0.0054766657	3.176198e-09	0.012125585	3.1723174e-10	1.9365518e-06	2.7051283e-07	145
0	0	-0.27360004	0	-0.7071067	0.7071067	0	0.7071069	-0.7071069	0	-0.707107	-0.7071069	0	0	0	0	0.003132675	-0.028765531	0.0054766666	2.2584572e-09	0.013958275	1.8500335e-09	1.9365518e-06	2.7602565e-07	145
0	0	-0.27360004	0	-0.7071067	0.7071067	0	0.7071069	-0.7071069	0	-0.70710695	-0.707107	0	0	0	0	0.0031326748	-0.028765531	0.0054766657	2.7493419e-09	0.01575916	2.5407645e-09	1.9365518e-06	2.8153846e-07	145
0	0	-0.27360004	0	-0.7071067	0.7071067	0	0.7071069	-0.707107	0	-0.70710695	-0.70710695	0	0	0	0	0.0031326748	-0.028765531	0.0054766657	2.642628e-09	0.0175199	2.522332e-09	1.9365518e-06	2.8705128e-07	145
0	0	-0.27360004	0	-0.7071067	0.7071067	0	0.7071069	-0.7071069	0	-0.70710695	-0.7071069	0	0	0	0	0.0031326748	-0.028765531	0.0054766657	2.2972624e-09	0.019230785	2.4592737e-09	1.9365518e-06	2.925641e-07	145
0	0	-0.27360004	0	-0.7071067	0.7071067	0	0.7071069	-0.7071069	0	-0.7071069	-0.70710695	0	0	0	0	0.0031326748	-0.028765531	0.0054766666	1.8936892e-09	0.02088046	2.0945057e-09	1.9365518e-06	2.980769e-07	145
0	0	-0.27360004	0	-0.7071067	0.7071067	0	0.707107	-0.7071069	0	-0.70710695	-0.70710695	0	0	0	0	0.0031326748	-0.028765531	0.0054766657	1.7578714e-09	0.022456	1.6540677e-09	1.9365518e-06	3.0358976e-07	145
0	0	-0.27360004	0	-0.7071067	0.7071067	0	0.7071069	-0.7071069	0	-0.7071069	-0.70710695	0	0	0	0	0.0031326748	-0.028765531	0.0054766666	1.4901161e-09	0.02394274	1.6007107e-09	1.9365518e-06	3.0910257e-07	145
0	0	-0.27360004	0	-0.7071067	0.7071067	0	0.7071069	-0.7071069	0	-0.7071069	-0.70710695	0	0	0	0	0.0031326748	-0.028765531	0.0054766666	5.5491306e-10	0.025324127	2.0198059e-09	1.9365518e-06	3.146154e-07	145
0	0	-0.27360004	0	-0.7071067	0.7071067	0	0.7071069	-0.7071069	0	-0.70710695	-0.70710695	0	0	0	0	0.0031326748	-0.028765531	0.0054766657	3.4924597e-10	0.026581604	2.5281528e-09	1.9365518e-06	3.201282e-07	145
0	0	-0.2736	0	-0.7071067	0.7071067	0	0.7071069	-0.7071069	0	-0.70710695	-0.70710695	0	0	0	0	0.0031326748	-0.028765531	0.0054766657	6.752089e-10	0.027694725	2.6348668e-09	1.9365518e-06	3.2564103e-07	145
0	0	-0.27360004	0	-0.7071067	0.7071067	0	0.707107	-0.7071069	0	-0.70710695	-0.70710695	0	0	0	0	0.0031326748	-0.028765531	0.0054766657	6.829699e-10	0.028640779	2.2817404e-09	1.9365518e-06	3.3115384e-07	145
0	0	-0.27360004	0	-0.7071067	0.7071067	0	0.7071069	-0.7071069	0	-0.70710695	-0.70710695	0	0	0	0	0.0031326748	-0.02876553	0.0054766657	1.474594e-10	0.02939496	1.8413023e-09	1.9365518e-06	3.3666666e-07	145
0	0	-0.27360004	0	-0.7071067	0.7071067	0	0.7071069	-0.7071069	0	-0.70710695	-0.70710695	0	0	0	0	0.0031326748	-0.028765531	0.0054766657	3.259629e-10	0.029930325	1.3251944e-09	1.9365518e-06	3.4217948e-07	145
0	0	-0.27360004	0	-0.7071067	0.7071067	0	0.7071069	-0.7071069	0	-0.70710695	-0.70710695	0	0	0	0	0.0031326748	-0.028765531	0.0054766657	9.313226e-11	0.030217735	7.683411e-10	1.9365518e-06	3.4769232e-07	145
0	0	-0.27360004	0	-0.7071067	0.7071067	0	0.7071069	-0.7071069	0	-0.70710695	-0.7071069	0	0	0	0	0.0031326748	-0.02876553	0.0054766657	-7.761021e-10	0.030225936	5.917779e-10	1.9365518e-06	3.5320514e-07	145
0	0	-0.27360007	0	-0.7071067	0.7071067	0	0.7071069	-0.707107	0	-0.70710695	-0.70710695	0	0	0	0	0.0031326748	-0.028765531	0.0054766657	-1.6608586e-09	0.029921677	1.1913168e-09	1.9365518e-06	3.5871795e-07	145
0	0	-0.27360004	0	-0.7071067	0.7071067	0	0.707107	-0.707107	0	-0.70710695	-0.70710695	0	0	0	0	0.0031326748	-0.028765531	0.0054766657	-2.3903945e-09	0.02926972	2.029507e-09	1.9365518e-06	3.6423077e-07	145
0	0	-0.27360004	0	-0.7071067	0.7071067	0	0.7071069	-0.7071069	0	-0.70710695	-0.70710695	0	0	0	0	0.0031326748	-0.028765531	0.0054766657	-2.4524829e-09	0.02823311	2.5747189e-09	1.9365518e-06	3.697436e-07	145
0	0	-0.27360004	0	-0.7071067	0.7071067	0	0.7071069	-0.7071069	0	-0.70710695	-0.7071069	0	0	0	0	0.0031326748	-0.028765531	0.0054766657	-3.1664968e-09	0.026773456	3.0403802e-09	1.9365518e-06	3.752564e-07	145
0	0	-0.27360004	0	-0.7071067	0.7071067	0	0.7071069	-0.7071069	0	-0.7071069	-0.70710695	0	0	0	0	0.0031326748	-0.028765531	0.0054766657	-2.7784457e-09	0.024851168	3.1587357e-09	1.9365518e-06	3.8076922e-07	145
0	0	-0.27360004	0	-0.7071067	0.7071067	0	0.707107	-0.7071069	0	-0.70710695	-0.7071069	0	0	0	0	0.0031326748	-0.028765531	0.0054766666	-2.1109978e-09	0.022426026	3.0423204e-09	1.9365518e-06	3.8628204e-07	145
0	0	-0.27360004	0	-0.7071067	0.7071067	0	0.7071069	-0.7071069	0	-0.70710695	-0.70710695	0	0	0	0	0.0031326748	-0.028765531	0.0054766657	-1.7384688e-09	0.019457785	3.0112763e-09	1.9365518e-06	3.9179488e-07	145
0	0	-0.27360004	0	-0.7071067	0.7071067	0	0.7071069	-0.7071069	0	-0.7071069	-0.7071069	0	0	0	0	0.0031326748	-0.028765531	0.0054766666	-1.9247333e-09	0.015907066	3.1509748e-09	1.9365518e-06	3.973077e-07	145
0	0	-0.27360004	0	-0.7071067	0.7071067	0	0.7071069	-0.7071069	0	-0.70710695	-0.70710695	0	0	0	0	0.0031326748	-0.028765531	0.0054766657	-1.1486312e-09	0.011736466	3.3411198e-09	1.9365518e-06	4.0282052e-07	145
0	0	-0.27360004	0	-0.7071067	0.7071067	0	0.7071069	-0.7071069	0	-0.70710695	-0.70710695	0	0	0	0	0.0031326748	-0.028765531	0.0054766657	-8.0714624e-10	0.0069122394	3.6011139e-09	1.9365518e-06	4.0833334e-07	145
0	0	-0.27360004	0	-0.7071067	0.7071067	0	0.7071069	-0.7071069	0	-0.70710695	-0.70710695	0	0	0	0	0.0031326748	-0.028765531	0.0054766657	-1.2417635e-09	0.0014064511	4.062895e-09	1.9365518e-06	4.1384615e-07	145
0	0	-0.27360004	0	-0.7071067	0.7071067	0	0.707107	-0.7071069	0	-0.70710695	-0.7071069	0	0	0	0	0.0031326748	-0.02876553	0.0054766657	-1.2417635e-09	-0.004799519	4.2530397e-09	1.9365518e-06	4.1935897e-07	145
0	0	-0.27360004	0	-0.7071067	0.7071067	0	0.7071069	-0.7071069	0	-0.70710695	-0.70710695	0	0	0	0	0.0031326748	-0.028765531	0.0054766657	-9.313226e-10	-0.011712684	4.6410906e-09	1.9365518e-06	4.2487179e-07	145
0	0	-0.27360004	0	-0.7071067	0.7071067	0	0.707107	-0.7071069	0	-0.70710695	-0.70710695	0	0	0	0	0.0031326748	-0.028765531	0.0054766657	-1.8626451e-09	-0.019322872	4.6915374e-09	1.9365518e-06	4.303846e-07	145
0	0	-0.27360004	0	-0.7071067	0.7071067	0	0.7071069	-0.7071069	0	-0.7071069	-0.7071069	0	0	0	0	0.0031326748	-0.028765531	0.0054766657	-2.8560558e-09	-0.027597845	5.5491305e-09	1.9365518e-06	4.3589745e-07	145
0	0	-0.27360004	0	-0.7071067	0.7071067	0	0.7071069	-0.7071069	0	-0.70710695	-0.70710695	0	0	0	0	0.0031326748	-0.028765531	0.0054766657	-3.1044085e-09	-0.036477525	6.4843335e-09	1.9365518e-06	4.4141026e-07	145
0	0	-0.27360004	0	-0.7071067	0.7071067	0	0.7071069	-0.7071069	0	-0.7071069	-0.70710695	0	0	0	0	0.0031326748	-0.028765531	0.0054766666	-4.967054e-09	-0.04586735	7.803707e-09	1.9365518e-06	4.4692308e-07	145
0	0	-0.27360004	0	-0.7071067	0.7071067	0	0.7071069	-0.7071069	0	-0.70710695	-0.70710695	0	0	0	0	0.0031326748	-0.028765531	0.0054766666	-6.0225527e-09	-0.055632964	8.688463e-09	1.9365518e-06	4.524359e-07	145
0	0	-0.27360004	0	-0.7071067	0.7071067	0	0.7071069	-0.707107	0	-0.707107	-0.70710695	0	0	0	0	0.0031326748	-0.028765531	0.0054766657	-5.8362883e-09	-0.06559928	9.11532e-09	1.9365518e-06	4.5794872e-07	145
0	0	-0.27360004	0	-0.7071067	0.7071067	0	0.707107	-0.7071069	0	-0.70710695	-0.70710695	0	0	0	0	0.0031326748	-0.028765531	0.0054766657	-5.8983765e-09	-0.07555363	8.804879e-09	1.9365518e-06	4.6346153e-07	145
0	0	-0.27360004	0	-0.7071067	0.7071067	0	0.707107	-0.7071069	0	-0.7071069	-0.70710695	0	0	0	0	0.0031326744	-0.028765531	0.0054766666	-5.2154063e-09	-0.08525587	8.013255e-09	1.9365518e-06	4.6897435e-07	145
0	0	-0.27360007	0	-0.7071067	0.7071067	0	0.7071069	-0.7071069	0	-0.70710695	-0.70710695	0	0	0	0	0.0031326748	-0.028765531	0.0054766657	-3.7873784e-09	-0.094460405	6.8646235e-09	1.9365518e-06	4.7448717e-07	145
0	0	-0.27360004	0	-0.7071067	0.7071067	0	0.7071069	-0.7071069	0	-0.70710695	-0.70710695	0	0	0	0	0.0031326748	-0.028765531	0.0054766657	-3.4148495e-09	-0.10293876	5.7936025e-09	1.9365518e-06	4.8e-07	145
0	0	-0.27360004	0	-0.7071067	0.7071067	0	0.7071069	-0.707107	0	-0.70710695	-0.7071069	0	0	0	0	0.0031326748	-0.028765531	0.0054766657	-3.5390257e-09	-0.11050355	5.281375e-09	1.9365518e-06	4.855128e-07	145
0	0	-0.27360004	0	-0.7071067	0.7071067	0	0.707107	-0.7071069	0	-0.7071069	-0.70710695	0	0	0	0	0.0031326748	-0.028765531	0.0054766657	-3.62181e-09	-0.11339446	5.2483906e-09	1.9365518e-06	4.910256e-07	145
0	0	-0.27360004	0	-0.7071067	0.7071067	0	0.7071069	-0.7071069	0	-0.70710695	-0.70710695	0	0	0	0	0.0031326748	-0.028765531	0.0054766666	-3.0526683e-09	-0.119362935	4.7956643e-09	1.9365518e-06	4.9653846e-07	145
0	0	-0.27360004	0	-0.7071067	0.7071067	0	0.7071069	-0.7071069	0	-0.70710695	-0.70710695	0	0	0	0	0.0031326748	-0.028765531	0.0054766657	-3.983991e-09	-0.124256134	4.1941854e-09	1.9365518e-06	5.020513e-07	145
0	0	-0.27360004	0	-0.7071067	0.7071067	0	0.7071069	-0.7071069	0	-0.70710695	-0.70710695	0	0	0	0	0.0031326748	-0.028765531	0.0054766666	-4.346172e-09	-0.12678589	3.9930454e-09	1.9365518e-06	5.075641e-07	145
0	0	-0.27360004	0	-0.7071067	0.7071067	0	0.7071069	-0.7071069	0	-0.70710695	-0.70710695	0	0	0	0	0.0031326748	-0.028765531	0.0054766657	-4.5013926e-09	-0.13008232	2.902622e-09	1.9365518e-06	5.1307694e-07	145
0	0	-0.27360004	0	-0.7071067	0.7071067	0	0.7071069	-0.707107	0	-0.707107	-0.70710695	0	0	0	0	0.0031326748	-0.028765531	0.0054766657	-4.0667754e-09	-0.13243696	1.5560848e-09	1.9365518e-06	5.1858973e-07	145
0	0	-0.27360004	0	-0.7071067	0.7071067	0	0.707107	-0.7071069	0	-0.70710695	-0.70710695	0	0	0	0	0.0031326748	-0.028765531	0.0054766657	-3.958121e-09	-0.1339622	8.1490724e-11	1.9365518e-06	5.241026e-07	145
0	0	-0.27360004	0	-0.7071067	0.7071067	0	0.7071069	-0.7071069	0	-0.70710695	-0.70710695	0	0	0	0	0.0031326748	-0.028765531	0.0054766657	-4.5013926e-09	-0.13477755	-1.0962443e-09	1.9365518e-06	5.2961536e-07	145
0	0	-0.27360004	0	-0.7071067	0.7071067	0	0.7071069	-0.7071069	0	-0.70710695	-0.7071069	0	0	0	0	0.0031326748	-0.028765531	0.0054766657	-3.9115546e-09	-0.13499911	-1.7636921e-09	1.9365518e-06	5.351282e-07	145
0	0	-0.27360007	0	-0.7071067	0.7071067	0	0.707107	-0.7071069	0	-0.70710695	-0.70710695	0	0	0	0	0.0031326748	-0.028765531	0.0054766657	-3.275151e-09	-0.13473488	-1.9092112e-09	1.9365518e-06	5.4064105e-07	145
0	0	-0.27360004	0	-0.7071067	0.7071067	0	0.7071069	-0.7071069	0	-0.7071069	-0.70710695	0	0	0	0	0.0031326748	-0.028765531	0.0054766657	-3.1664968e-09	-0.13408156	-1.9363748e-09	1.9365518e-06	5.4615384e-07	145
0	0	-0.27360004	0	-0.7071067	0.7071067	0	0.7071069	-0.7071069	0	-0.70710695	-0.7071069	0	0	0	0	0.0031326748	-0.028765531	0.0054766657	-2.6387472e-09	-0.1331237	-1.907271e-09	1.9365518e-06	5.516667e-07	145
0	0	-0.27360004	0	-0.7071067	0.7071067	0	0.7071069	-0.7071069	0	-0.70710695	-0.7071069	0	0	0	0	0.0031326748	-0.028765531	0.0054766657	-2.6387472e-09	-0.13193406	-2.1692055e-09	1.9365518e-06	5.571795e-07	145
0	0	-0.27360004	0	-0.7071067	0.7071067	0	0.7071069	-0.7071069	0	-0.707107	-0.70710695	0	0	0	0	0.0031326748	-0.028765531	0.0054766657	-1.7617519e-09	-0.13057415	-2.674642e-09	1.9365518e-06	5.626923e-07	145
0	0	-0.27360004	0	-0.7071067	0.7071067	0	0.707107	-0.7071069	0	-0.70710695	-0.70710695	0	0	0	0	0.0031326748	-0.028765531	0.0054766657	-1.8277205e-09	-0.12909539	-3.0403802e-09	1.9365518e-06	5.682051e-07	145
0	0	-0.27360004	0	-0.7071067	0.7071067	0	0.7071069	-0.7071069	0	-0.70710695	-0.70710695	0	0	0	0	0.0031326748	-0.028765531	0.0054766657	-1.6996637e-09	-0.12754048	-3.167467e-09	1.9365518e-06	5.7371795e-07	145
0	0	-0.27360004	0	-0.7071067	0.7071067	0	0.7071069	-0.7071069	0	-0.70710695	-0.70710695	0	0	0	0	0.0031326748	-0.028765531	0.0054766666	-1.4474305e-09	-0.12594442	-3.2703005e-09	1.9365518e-06	5.7923074e-07	145
0	0	-0.27360007	0	-0.7071067	0.7071067	0	0.7071069	-0.7071069	0	-0.70710695	-0.70710695	0	0	0	0	0.0031326748	-0.028765531	0.0054766657	-6.0147914e-10	-0.12433574	-2.7609834e-09	1.9365518e-06	5.847436e-07	145
0	0	-0.27360004	0	-0.7071067	0.7071067	0	0.7071069	-0.7071069	0	-0.70710695	-0.70710695	0	0	0	0	0.0031326748	-0.028765531	0.0054766657	-1.0089328e-09	-0.122737385	-2.5427047e-09	1.9365518e-06	5.9025643e-07	145
0	0	-0.27360004	0	-0.7071067	0.7071067	0	0.7071069	-0.707107	0	-0.7071069	-0.70710695	0	0	0	0	0.0031326748	-0.028765531	0.0054766657	-1.0506482e-09	-0.12116766	-2.5543463e-09	1.9365518e-06	5.957692e-07	145
0	0	-0.27360004	0	-0.7071067	0.7071067	0	0.707107	-0.707107	0	-0.70710695	-0.70710695	0	0	0	0	0.0031326748	-0.028765531	0.0054766657	-6.30583e-10	-0.11964098	-3.2756362e-09	1.9365518e-06	6.0128207e-07	145
0	0	-0.27360004	0	-0.7071067	0.7071067	0	0.707107	-0.7071069	0	-0.7071069	-0.7071069	0	0	0	0	0.0031326748	-0.028765531	0.0054766657	-4.132744e-10	-0.118168615	-4.4616173e-09	1.9365518e-06	6.0679486e-07	145
0	0	-0.27360004	0	-0.7071067	0.7071067	0	0.7071069	-0.7071069	0	-0.70710695	-0.70710695	0	0	0	0	0.0031326748	-0.028765531	0.0054766657	-1.10594554e-10	-0.11675911	-6.0307985e-09	1.9365518e-06	6.123077e-07	145
0	0	-0.27360004	0	-0.7071067	0.7071067	0	0.707107	-0.7071069	0	-0.70710695	-0.70710695	0	0	0	0	0.0031326748	-0.028765531	0.0054766657	5.811065e-10	-0.11541884	-6.9398083e-09	1.9365518e-06	6.178205e-07	145
0	0	-0.27360004	0	-0.7071067	0.7071067	0	0.7071069	-0.7071069	0	-0.7071069	-0.70710695	0	0	0	0	0.0031326748	-0.028765531	0.0054766657	1.8655555e-09	-0.11415247	-7.617443e-09	1.9365518e-06	6.2333334e-07	145
0	0	-0.27360004	0	-0.7071067	0.7071067	0	0.707107	-0.7071069	0	-0.70710695	-0.70710695	0	0	0	0	0.0031326748	-0.028765531	0.0054766666	1.6783209e-09	-0.11296321	-7.766357e-09	1.9365518e-06	6.288462e-07	145
0	0	-0.27360004	0	-0.7071067	0.7071067	0	0.7071069	-0.7071069	0	-0.70710695	-0.70710695	0	0	0	0	0.0031326748	-0.028765531	0.0054766657	1.2999711e-09	-0.11185309	-7.7476825e-09	1.9365518e-06	6.3435897e-07	145
0	0	-0.27360004	0	-0.7071067	0.7071067	0	0.707107	-0.7071069	0	-0.7071069	-0.70710695	0	0	0	0	0.0031326748	-0.028765531	0.0054766666	1.1399001e-09	-0.11082324	-7.5526865e-09	1.9365518e-06	6.398718e-07	145
0	0	-0.2736	0	-0.7071067	0.7071067	0	0.7071069	-0.7071069	0	-0.70710695	-0.70710695	0	0	0	0	0.0031326748	-0.028765531	0.0054766666	1.078782e-09	-0.109873995	-7.703542e-09	1.9365518e-06	6.453846e-07	145
0	0	-0.27360004	0	-0.7071067	0.7071067	0	0.7071069	-0.707107	0	-0.70710695	-0.70710695	0	0	0	0	0.0031326748	-0.028765531	0.0054766666	1.0128133e-09	-0.1090051	-7.595008e-09	1.9365518e-06	6.5089745e-07	145
0	0	-0.2736	0	-0.7071067	0.7071067	0	0.7071069	-0.707107	0	-0.70710695	-0.70710695	0	0	0	0	0.0031326748	-0.028765531	0.0054766657	1.542503e-09	-0.108215824	-6.8754162e-09	1.9365518e-06	6.5641024e-07	145
0	0	-0.27360004	0	-0.7071067	0.7071067	0	0.7071069	-0.7071069	0	-0.7071069	-0.7071069	0	0	0	0	0.0031326748	-0.028765531	0.0054766657	1.6744404e-09	-0.10750504	-5.6829474e-09	1.9365518e-06	6.619231e-07	145
0	0	-0.27360004	0	-0.7071067	0.7071067	0	0.7071069	-0.7071069	0	-0.70710695	-0.70710695	0	0	0	0	0.0031326748	-0.028765531	0.0054766657	2.0411486e-09	-0.10687123	-4.424813e-09	1.9365518e-06	6.6743587e-07	145
0	0	-0.27360004	0	-0.7071067	0.7071067	0	0.707107	-0.7071069	0	-0.707107	-0.7071069	0	0	0	0	0.0031326748	-0.028765531	0.0054766657	2.2603974e-09	-0.106312715	-2.6025495e-09	1.9365518e-06	6.729487e-07	145
0	0	-0.27360004	0	-0.7071067	0.7071067	0	0.707107	-0.7071069	0	-0.70710695	-0.70710695	0	0	0	0	0.0031326748	-0.028765531	0.0054766657	2.4505424e-09	-0.105827555	-1.0915755e-09	1.9365518e-06	6.7846156e-07	145
0	0	-0.27360004	0	-0.7071067	0.7071067	0	0.7071069	-0.7071069	0	-0.7071069	-0.70710695	0	0	0	0	0.0031326748	-0.028765531	0.0054766657	2.4874074e-09	-0.105413556	-6.78483e-11	1.9365518e-06	6.8397435e-07	145
0	0	-0.27360004	0	-0.7071067	0.7071067	0	0.7071069	-0.7071069	0	-0.70710695	-0.70710695	0	0	0	0	0.0031326748	-0.028765531	0.0054766657	3.3954468e-09	-0.10506846	2.4289573e-10	1.9365518e-06	6.894872e-07	145
0	0	-0.27360004	0	-0.7071067	0.7071067	0	0.7071069	-0.707107	0	-0.70710695	-0.7071069	0	0	0	0	0.0031326748	-0.028765531	0.0054766666	3.2576888e-09	-0.10478985	2.2992026e-10	1.9365518e-06	6.95e-07	145
0	0	-0.27360004	0	-0.7071067	0.7071067	0	0.7071069	-0.7071069	0	-0.70710695	-0.70710695	0	0	0	0	0.0031326748	-0.028765531	0.0054766666	3.639919e-09	-0.10457515	1.9026629e-10	1.9365518e-06	7.005128e-07	145
0	0	-0.27360007	0	-0.7071067	0.7071067	0	0.7071069	-0.7071069	0	-0.70710695	-0.70710695	0	0	0	0	0.0031326748	-0.028765531	0.0054766657	3.6961865e-09	-0.10442164	3.5530925e-10	1.9365518e-06	7.060256e-07	145
0	0	-0.27360004	0	-0.7071067	0.7071067	0	0.7071069	-0.7071069	0	-0.7071069	-0.7071069	0	0	0	0	0.0031326748	-0.028765531	0.0054766657	4.1579673e-09	-0.104326494	8.3212703e-10	1.9365518e-06	7.1153846e-07	145
0	0	-0.27360004	0	-0.7071067	0.7071067	0	0.707107	-0.7071069	0	-0.70710695	-0.70710695	0	0	0	0	0.0031326748	-0.028765531	0.0054766666	3.9328976e-09	-0.104286775	1.9863364e-09	1.9365518e-06	7.170513e-07	145
0	0	-0.27360004	0	-0.7071067	0.7071067	0	0.7071069	-0.707107	0	-0.7071069	-0.70710695	0	0	0	0	0.0031326748	-0.028765531	0.0054766657	4.3112474e-09	-0.10429939	3.1121696e-09	1.9365518e-06	7.225641e-07	145
0	0	-0.27360004	0	-0.7071067	0.7071067	0	0.707107	-0.7071069	0	-0.70710695	-0.70710695	0	0	0	0	0.0031326748	-0.028765531	0.0054766657	4.216175e-09	-0.10436111	3.7679757e-09	1.9365518e-06	7.2807694e-07	145
0	0	-0.27360004	0	-0.7071067	0.7071067	0	0.7071069	-0.7071069	0	-0.70710695	-0.70710695	0	0	0	0	0.0031326748	-0.028765531	0.0054766666	4.7342232e-09	-0.10446857	4.0071124e-09	1.9365518e-06	7.3358973e-07	145
0	0	-0.27360004	0	-0.7071067	0.7071067	0	0.7071069	-0.7071069	0	-0.70710695	-0.7071069	0	0	0	0	0.0031326748	-0.028765531	0.0054766666	5.3221205e-09	-0.104618266	4.012448e-09	1.9365518e-06	7.391026e-07	145
0	0	-0.27360004	0	-0.7071067	0.7071067	0	0.7071069	-0.7071069	0	-0.70710695	-0.70710695	0	0	0	0	0.0031326748	-0.028765531	0.0054766666	6.4920944e-09	-0.104806505	3.862078e-09	1.9365518e-06	7.4461536e-07	145
0	0	-0.27360004	0	-0.7071067	0.7071067	0	0.7071069	-0.7071069	0	-0.707107	-0.70710695	0	0	0	0	0.0031326748	-0.028765531	0.0054766657	7.664009e-09	-0.10502941	3.7073429e-09	1.9365518e-06	7.501282e-07	145
0	0	-0.27360004	0	-0.7071067	0.7071067	0	0.7071069	-0.7071069	0	-0.70710695	-0.70710695	0	0	0	0	0.0031326748	-0.028765531	0.0054766666	8.168475e-09	-0.10528291	3.6520456e-09	1.9365518e-06	7.5564105e-07	145
0	0	-0.27360004	0	-0.7071067	0.7071067	0	0.7071069	-0.7071069	0	-0.70710695	-0.70710695	0	0	0	0	0.0031326748	-0.028765531	0.0054766657	8.308174e-09	-0.1055628	3.837825e-09	1.9365518e-06	7.6115384e-07	145
0	0	-0.27360004	0	-0.7071067	0.7071067	0	0.7071069	-0.7071069	0	-0.70710695	-0.70710695	0	0	0	0	0.0031326748	-0.028765531	0.0054766657	8.544885e-09	-0.10586456	4.3345305e-09	1.9365518e-06	7.666667e-07	145
0	0	-0.27360004	0	-0.7071067	0.7071067	0	0.7071069	-0.7071069	0	-0.70710695	-0.70710695	0	0	0	0	0.0031326748	-0.028765531	0.0054766657	8.067582e-09	-0.106183514	4.9796656e-09	1.9365518e-06	7.721795e-07	145
0	0	-0.27360004	0	-0.7071067	0.7071067	0	0.7071069	-0.7071069	0	-0.70710695	-0.70710695	0	0	0	0	0.0031326748	-0.028765531	0.0054766666	7.147901e-09	-0.10651471	5.500624e-09	1.9365518e-06	7.776923e-07	145
0	0	-0.27360004	0	-0.7071067	0.7071067	0	0.7071069	-0.7071069	0	-0.70710695	-0.7071069	0	0	0	0	0.0031326748	-0.028765531	0.0054766657	7.636845e-09	-0.10685298	5.2406297e-09	1.9365518e-06	7.832051e-07	145
0	0	-0.27360004	0	-0.7071067	0.7071067	0	0.7071069	-0.7071069	0	-0.7071069	-0.70710695	0	0	0	0	0.0031326748	-0.028765531	0.0054766657	8.412948e-09	-0.10719285	5.4579385e-09	1.9365518e-06	7.8871795e-07	145
0	0	-0.27360004	0	-0.7071067	0.7071067	0	0.707107	-0.7071069	0	-0.7071069	-0.7071069	0	0	0	0	0.0031326748	-0.028765531	0.0054766657	8.288771e-09	-0.10752859	5.9177787e-09	1.9365518e-06	7.9423074e-07	145
0	0	-0.27360004	0	-0.7071067	0.7071067	0	0.7071069	-0.7071069	0	-0.70710695	-0.70710695	0	0	0	0	0.0031326748	-0.028765531	0.0054766657	8.12579e-09	-0.10785413	6.6220918e-09	1.9365518e-06	7.997436e-07	145
0	0	-0.27360004	0	-0.7071067	0.7071067	0	0.7071069	-0.7071069	0	-0.70710695	-0.70710695	0	0	0	0	0.0031326748	-0.028765531	0.0054766657	8.73891e-09	-0.10816315	8.835923e-09	1.9365518e-06	8.0525643e-07	145
0	0	-0.2736	0	-0.7071067	0.7071067	0	0.7071069	-0.7071069	0	-0.707107	-0.70710695	0	0	0	0	0.0031326748	-0.028765531	0.0054766666	7.116857e-09	-0.10844893	1.1536758e-08	1.9365518e-06	8.107692e-07	145
0	0	-0.27360004	0	-0.7071067	0.7071067	0	0.707107	-0.707107	0	-0.7071069	-0.70710695	0	0	0	0	0.0031326748	-0.028765531	0.0054766666	6.61239e-09	-0.10870445	1.2565094e-08	1.9365518e-06	8.1628207e-07	145
0	0	-0.27360004	0	-0.7071067	0.7071067	0	0.7071069	-0.7071069	0	-0.7071069	-0.7071069	0	0	0	0	0.0031326748	-0.028765531	0.0054766666	5.122274e-09	-0.10892227	1.2499125e-08	1.9365518e-06	8.2179486e-07	145
0	0	-0.2736	0	-0.7071067	0.7071067	0	0.7071069	-0.707107	0	-0.707107	-0.7071069	0	0	0	0	0.0031326748	-0.028765531	0.0054766657	4.8506386e-09	-0.109094605	1.2060627e-08	1.9365518e-06	8.273077e-07	145
0	0	-0.27360004	0	-0.7071067	0.7071067	0	0.7071069	-0.7071069	0	-0.70710695	-0.70710695	0	0	0	0	0.0031326748	-0.028765531	0.0054766657	4.1133412e-09	-0.10921322	1.0465738e-08	1.9365518e-06	8.328205e-07	145
0	0	-0.27360004	0	-0.7071067	0.7071067	0	0.7071069	-0.7071069	0	-0.70710695	-0.70710695	0	0	0	0	0.0031326748	-0.028765531	0.0054766657	5.9371814e-09	-0.109269395	8.180117e-09	1.9365518e-06	8.3833334e-07	145
0	0	-0.27359998	0	-0.7071067	0.7071067	0	0.7071069	-0.707107	0	-0.7071069	-0.70710695	0	0	0	0	0.0031326748	-0.028765531	0.0054766657	6.193295e-09	-0.10925391	7.2235706e-09	1.9365518e-06	8.438462e-07	145
0	0	-0.27360004	0	-0.7071067	0.7071067	0	0.707107	-0.7071069	0	-0.70710695	-0.707107	0	0	0	0	0.0031326748	-0.028765531	0.0054766657	8.024896e-09	-0.10915704	6.540601e-09	1.9365518e-06	8.4935897e-07	145
0	0	-0.27360004	0	-0.7071067	0.7071067	0	0.7071069	-0.7071069	0	-0.70710695	-0.7071069	0	0	0	0	0.0031326748	-0.028765531	0.0054766657	8.6613e-09	-0.10896842	6.0827006e-09	1.9365518e-06	8.548718e-07	145
0	0	-0.27360004	0	-0.7071067	0.7071067	0	0.7071069	-0.7071069	0	-0.70710695	-0.70710695	0	0	0	0	0.0031326748	-0.028765531	0.0054766657	9.095917e-09	-0.10867701	4.974815e-09	1.9365518e-06	8.603846e-07	145
0	0	-0.27360004	0	-0.7071067	0.7071067	0	0.707107	-0.7071069	0	-0.70710695	-0.7071069	0	0	0	0	0.0031326748	-0.028765531	0.0054766657	8.894131e-09	-0.108271025	4.4276627e-09	1.9365518e-06	8.6589745e-07	145
0	0	-0.27360004	0	-0.7071067	0.7071067	0	0.7071069	-0.7071069	0	-0.70710695	-0.70710695	0	0	0	0	0.0031326748	-0.028765531	0.0054766657	8.288771e-09	-0.10773794	3.7873784e-09	1.9365518e-06	8.7141024e-07	145
0	0	-0.27360007	0	-0.7071067	0.7071067	0	0.7071069	-0.7071069	0	-0.70710695	-0.70710695	0	0	0	0	0.0031326748	-0.028765531	0.0054766657	7.761021e-09	-0.1070642	3.4672363e-09	1.9365518e-06	8.769231e-07	145
0	0	-0.27360004	0	-0.7071067	0.7071067	0	0.7071069	-0.7071069	0	-0.70710695	-0.70710695	0	0	0	0	0.0031326748	-0.028765531	0.0054766666	7.2953603e-09	-0.10623526	3.0364997e-09	1.9365518e-06	8.8243587e-07	145
0	0	-0.27360004	0	-0.7071067	0.7071067	0	0.707107	-0.7071069	0	-0.70710695	-0.70710695	0	0	0	0	0.0031326748	-0.028765531	0.0054766657	7.1401396e-09	-0.10523535	3.2518679e-09	1.9365518e-06	8.879487e-07	145
0	0	-0.27360004	0	-0.7071067	0.7071067	0	0.7071069	-0.7071069	0	-0.70710695	-0.70710695	0	0	0	0	0.0031326748	-0.02876553	0.0054766666	7.21775e-09	-0.10404751	3.5972334e-09	1.9365518e-06	8.9346156e-07	145
0	0	-0.27360004	0	-0.7071067	0.7071067	0	0.7071069	-0.707107	0	-0.70710695	-0.70710695	0	0	0	0	0.0031326748	-0.028765531	0.0054766657	7.698933e-09	-0.10265317	3.1956007e-09	1.9365518e-06	8.9897435e-07	145
0	0	-0.2736	0	-0.7071067	0.7071067	0	0.7071069	-0.7071069	0	-0.7071069	-0.70710695	0	0	0	0	0.0031326748	-0.028765531	0.0054766657	6.767611e-09	-0.10103222	3.1626162e-09	1.9365518e-06	9.044872e-07	145
0	0	-0.27360004	0	-0.7071067	0.7071067	0	0.7071069	-0.7071069	0	-0.70710695	-0.70710695	0	0	0	0	0.0031326748	-0.028765531	0.0054766666	6.115685e-09	-0.09916266	2.308904e-09	1.9365518e-06	9.1e-07	145
0	0	-0.2736	0	-0.7071067	0.7071067	0	0.7071069	-0.7071069	0	-0.70710695	-0.7071069	0	0	0	0	0.0031326748	-0.02876553	0.0054766657	6.395082e-09	-0.09702053	1.5250408e-09	1.9365518e-06	9.155128e-07	145
0	0	-0.27360004	0	-0.7071067	0.7071067	0	0.7071069	-0.7071069	0	-0.70710695	-0.70710695	0	0	0	0	0.0031326748	-0.028765531	0.0054766666	6.177773e-09	-0.0945796	1.0593795e-09	1.9365518e-06	9.210256e-07	145
0	0	-0.27360004	0	-0.7071067	0.7071067	0	0.7071069	-0.7071069	0	-0.70710695	-0.7071069	0	0	0	0	0.0031326748	-0.028765531	0.0054766657	6.395082e-09	-0.09181128	1.1680338e-09	1.9365518e-06	9.2653846e-07	145
0	0	-0.27360004	0	-0.7071067	0.7071067	0	0.7071069	-0.7071069	0	-0.70710695	-0.70710695	0	0	0	0	0.0031326748	-0.028765531	0.0054766657	6.581346e-09	-0.088684335	8.0714624e-10	1.9365518e-06	9.320513e-07	145
0	0	-0.27360004	0	-0.7071067	0.7071067	0	0.7071069	-0.7071069	0	-0.70710695	-0.70710695	0	0	0	0	0.0031326748	-0.028765531	0.0054766666	7.574757e-09	-0.08516498	1.0128133e-09	1.9365518e-06	9.375641e-07	145
0	0	-0.27360004	0	-0.7071067	0.7071067	0	0.7071069	-0.7071069	0	-0.70710695	-0.7071069	0	0	0	0	0.0031326748	-0.028765531	0.0054766657	7.3884925e-09	-0.081216626	1.268927e-09	1.9365518e-06	9.4307694e-07	145
0	0	-0.27360004	0	-0.7071067	0.7071067	0	0.7071069	-0.7071069	0	-0.70710695	-0.70710695	0	0	0	0	0.0031326748	-0.028765531	0.0054766657	7.574757e-09	-0.07680015	1.1098261e-09	1.9365518e-06	9.4858973e-07	145
0	0	-0.2736	0	-0.7071067	0.7071067	0	0.707107	-0.7071069	0	-0.70710695	-0.7071069	0	0	0	0	0.0031326748	-0.028765531	0.0054766666	7.512669e-09	-0.07187413	-1.1641532e-11	1.9365518e-06	9.541026e-07	145
0	0	-0.27360004	0	-0.7071067	0.7071067	0	0.7071069	-0.7071069	0	-0.70710695	-0.70710695	0	0	0	0	0.0031326748	-0.028765531	0.0054766657	9.126961e-09	-0.0663955	-1.2107193e-09	1.9365518e-06	9.596154e-07	145
0	0	-0.27360004	0	-0.7071067	0.7071067	0	0.7071069	-0.7071069	0	-0.7071069	-0.70710695	0	0	0	0	0.0031326748	-0.028765531	0.0054766657	1.0120372e-08	-0.060320433	-2.751282e-09	1.9365518e-06	9.651282e-07	145
0	0	-0.27360004	0	-0.7071067	0.7071067	0	0.7071069	-0.7071069	0	-0.70710695	-0.70710695	0	0	0	0	0.0031326748	-0.028765531	0.0054766666	1.0492901e-08	-0.053605925	-4.353933e-09	1.9365518e-06	9.70641e-07	145
0	0	-0.27360004	0	-0.7071067	0.7071067	0	0.7071069	-0.7071069	0	-0.70710695	-0.70710695	0	0	0	0	0.0031326748	-0.028765531	0.0054766657	1.03687245e-08	-0.046212927	-6.2980687e-09	1.9365518e-06	9.761538e-07	145
0	0	-0.27360004	0	-0.7071067	0.7071067	0	0.707107	-0.7071069	0	-0.70710695	-0.707107	0	0	0	0	0.0031326748	-0.028765531	0.0054766666	1.1300047e-08	-0.03810696	-7.06641e-09	1.9365518e-06	9.816666e-07	145
0	0	-0.27360004	0	-0.7071067	0.7071067	0	0.7071069	-0.7071069	0	-0.70710695	-0.70710695	0	0	0	0	0.0031326748	-0.028765531	0.0054766657	1.0244548e-08	-0.029266488	-8.211161e-09	1.9365518e-06	9.871795e-07	145
0	0	-0.27360004	0	-0.7071067	0.7071067	0	0.7071069	-0.707107	0	-0.70710695	-0.70710695	0	0	0	0	0.0031326748	-0.028765531	0.0054766657	8.692344e-09	-0.01968092	-8.8475645e-09	1.9365518e-06	9.926923e-07	145
0	0	-0.2736	0	-0.7071067	0.7071067	0	0.7071069	-0.7071069	0	-0.70710695	-0.70710695	0	0	0	0	0.0031326748	-0.028765531	0.0054766657	7.823109e-09	-0.009364757	-9.483968e-09	1.9365518e-06	9.982051e-07	145
0	0	-0.27360004	0	-0.7071067	0.7071067	0	0.7071069	-0.7071069	0	-0.70710695	-0.7071069	0	0	0	0	0.0031326748	-0.028765531	0.0054766657	7.761021e-09	0.0016374424	-9.1192005e-09	1.9365518e-06	1.0037179e-06	145
0	0	-0.27360004	0	-0.7071067	0.7071067	0	0.7071069	-0.707107	0	-0.70710695	-0.70710695	0	0	0	0	0.0031326748	-0.028765531	0.0054766657	6.7055224e-09	0.013238674	-8.265488e-09	1.9365518e-06	1.0092308e-06	145
0	0	-0.27360007	0	-0.7071067	0.7071067	0	0.7071069	-0.707107	0	-0.70710695	-0.70710695	0	0	0	0	0.0031326748	-0.028765531	0.0054766657	7.1401396e-09	0.02529875	-6.876265e-09	1.9365518e-06	1.0147436e-06	145
0	0	-0.2736	0	-0.7071067	0.7071067	0	0.7071069	-0.7071069	0	-0.70710695	-0.7071069	0	0	0	0	0.0031326748	-0.028765531	0.0054766657	7.450581e-09	0.03760652	-5.5491305e-09	1.9365518e-06	1.0202564e-06	145
0	0	-0.27360007	0	-0.7071067	0.7071067	0	0.7071069	-0.7071069	0	-0.70710695	-0.70710695	0	0	0	0	0.0031326748	-0.028765531	0.0054766657	6.9538753e-09	0.049881224	-3.927077e-09	1.9365518e-06	1.0257693e-06	145
0	0	-0.27360004	0	-0.7071067	0.7071067	0	0.7071069	-0.7071069	0	-0.70710695	-0.70710695	0	0	0	0	0.0031326748	-0.028765531	0.0054766657	7.1401396e-09	0.061787628	-2.8405338e-09	1.9365518e-06	1.0312821e-06	145
0	0	-0.2736	0	-0.7071067	0.7071067	0	0.7071069	-0.707107	0	-0.70710695	-0.70710695	0	0	0	0	0.0031326748	-0.028765531	0.0054766666	7.3264044e-09	0.072968334	-2.2739792e-09	1.9365518e-06	1.0367949e-06	145
0	0	-0.27360004	0	-0.7071067	0.7071067	0	0.7071069	-0.7071069	0	-0.70710695	-0.70710695	0	0	0	0	0.0031326748	-0.028765531	0.0054766666	7.698933e-09	0.083098084	-2.2972624e-09	1.9365518e-06	1.0423076e-06	145
0	0	-0.27360004	0	-0.7071067	0.7071067	0	0.7071069	-0.7071069	0	-0.7071069	-0.70710695	0	0	0	0	0.0031326748	-0.028765531	0.0054766666	9.1890495e-09	0.0919239	-2.468005e-09	1.9365518e-06	1.0478205e-06	145
0	0	-0.27360004	0	-0.7071067	0.7071067	0	0.7071069	-0.7071069	0	-0.70710695	-0.7071069	0	0	0	0	0.0031326748	-0.028765531	0.0054766657	9.623666e-09	0.09929891	-2.1381614e-09	1.9365518e-06	1.0533333e-06	145
0	0	-0.27360004	0	-0.7071067	0.7071067	0	0.7071069	-0.707107	0	-0.70710695	-0.70710695	0	0	0	0	0.0031326748	-0.028765531	0.0054766657	9.561578e-09	0.10518684	-1.5871289e-09	1.9365518e-06	1.0588461e-06	145
0	0	-0.27360004	0	-0.7071067	0.7071067	0	0.7071069	-0.707107	0	-0.70710695	-0.7071069	0	0	0	0	0.0031326748	-0.028765531	0.0054766666	9.002785e-09	0.10964503	-1.3931033e-09	1.9365518e-06	1.064359e-06	145
0	0	-0.2736	0	-0.7071067	0.7071067	0	0.707107	-0.7071069	0	-0.70710695	-0.70710695	0	0	0	0	0.0031326748	-0.028765531	0.0054766657	8.81652e-09	0.112791285	-5.47152e-10	1.9365518e-06	1.0698718e-06	145
0	0	-0.27360004	0	-0.7071067	0.7071067	0	0.7071069	-0.7071069	0	-0.70710695	-0.70710695	0	0	0	0	0.0031326748	-0.028765531	0.0054766666	8.412948e-09	0.11477718	5.5879357e-10	1.9365518e-06	1.0753846e-06	145
0	0	-0.27360004	0	-0.7071067	0.7071067	0	0.707107	-0.7071069	0	-0.70710695	-0.70710695	0	0	0	0	0.0031326748	-0.028765531	0.0054766657	7.698933e-09	0.1157662	6.635673e-10	1.9365518e-06	1.0808974e-06	145
0	0	-0.27360004	0	-0.7071067	0.7071067	0	0.7071069	-0.7071069	0	-0.70710695	-0.70710695	0	0	0	0	0.0031326748	-0.028765531	0.0054766657	6.6434342e-09	0.11591672	4.656613e-11	1.9365518e-06	1.0864103e-06	145
0	0	-0.27360004	0	-0.7071067	0.7071067	0	0.7071069	-0.7071069	0	-0.7071069	-0.70710695	0	0	0	0	0.0031326748	-0.028765531	0.0054766657	6.550302e-09	0.115377106	-3.880511e-11	1.9365518e-06	1.0919231e-06	145
0	0	-0.27360004	0	-0.7071067	0.7071067	0	0.7071069	-0.707107	0	-0.70710695	-0.70710695	0	0	0	0	0.0031326748	-0.028765531	0.0054766657	5.9294205e-09	0.1142797	-1.2223608e-10	1.9365518e-06	1.0974359e-06	145
0	0	-0.27360004	0	-0.7071067	0.7071067	0	0.707107	-0.7071069	0	-0.70710695	-0.70710695	0	0	0	0	0.003132675	-0.028765531	0.0054766657	4.5169144e-09	0.112740315	-1.9596579e-10	1.9365518e-06	1.1029488e-06	145
0	0	-0.27360004	0	-0.7071067	0.7071067	0	0.707107	-0.7071069	0	-0.70710695	-0.70710695	0	0	0	0	0.0031326748	-0.028765531	0.0054766657	3.2829122e-09	0.11085725	-2.2700988e-10	1.9365518e-06	1.1084616e-06	145
0	0	-0.27360004	0	-0.7071067	0.7071067	0	0.707107	-0.7071069	0	-0.70710695	-0.7071069	0	0	0	0	0.0031326748	-0.028765531	0.0054766657	3.5235037e-09	0.10871396	8.401306e-10	1.9365518e-06	1.1139743e-06	145
0	0	-0.27360004	0	-0.7071067	0.7071067	0	0.7071069	-0.7071069	0	-0.70710695	-0.70710695	0	0	0	0	0.0031326748	-0.028765531	0.0054766657	3.0267984e-09	0.106379464	1.6123523e-09	1.9365518e-06	1.1194871e-06	145
