# t (s)	mx ()	my ()	mz ()	m.region23x ()	m.region23y ()	m.region23z ()	m.region24x ()	m.region24y ()	m.region24z ()	m.region25x ()	m.region25y ()	m.region25z ()	B_extx (T)	B_exty (T)	B_extz (T)	B_eff.region6x (T)	B_eff.region6y (T)	B_eff.region6z (T)	B_eff.region9x (T)	B_eff.region9y (T)	B_eff.region9z (T)	step_x (No unit)	step_y (No unit)	points_TOP_wire (No unit)
0	0	-0.19705401	0	-1	-6.123234e-17	0	1	6.1232336e-17	0	-6.123233e-17	-1	0	0	0	0	-0.42561042	-0.00562754	0.019968446	NaN	NaN	NaN	0	1e-07	81
0	0	-0.19705401	0	-1	-6.1232336e-17	0	1	6.123234e-17	0	-6.123233e-17	-1	0	0	0	0	-0.35746276	-0.005699434	0.015182853	NaN	NaN	NaN	1.2345679e-08	1e-07	81
0	0	-0.19705401	0	-1	-6.123234e-17	0	1	6.123234e-17	0	-6.123233e-17	-1	0	0	0	0	-0.30354834	-0.0057647787	0.011774374	NaN	NaN	NaN	2.4691358e-08	1e-07	81
0	0	-0.19705401	0	-1	-6.123234e-17	0	1	6.123234e-17	0	-6.1232336e-17	-1	0	0	0	0	-0.26005286	-0.0058294367	0.009280008	NaN	NaN	NaN	3.7037037e-08	1e-07	81
0	0	-0.19705401	0	-1	-6.123234e-17	0	1	6.123234e-17	0	-6.123233e-17	-1	0	0	0	0	-0.22454257	-0.0058982093	0.0074185426	NaN	NaN	NaN	4.9382717e-08	1e-07	81
0	0	-0.19705401	0	-1	-6.123234e-17	0	1	6.123234e-17	0	-6.1232336e-17	-1	0	0	0	0	-0.19519375	-0.0059746625	0.0060061514	NaN	NaN	NaN	6.172839e-08	1e-07	81
0	0	-0.19705401	0	-1	-6.123234e-17	0	1	6.123234e-17	0	-6.123233e-17	-1	0	0	0	0	-0.1706785	-0.0060611665	0.004919066	NaN	NaN	NaN	7.407407e-08	1e-07	81
0	0	-0.19705401	0	-1	-6.123234e-17	0	1	6.1232336e-17	0	-6.123233e-17	-1	0	0	0	0	-0.15001011	-0.006159059	0.0040716496	NaN	NaN	NaN	8.641975e-08	1e-07	81
0	0	-0.19705401	0	-1	-6.1232336e-17	0	1	6.123234e-17	0	-6.123233e-17	-1	0	0	0	0	-0.13244218	-0.006268859	0.003403436	NaN	NaN	NaN	9.876543e-08	1e-07	81
0	0	-0.19705401	0	-1	-6.123234e-17	0	1	6.123234e-17	0	-6.1232336e-17	-1	0	0	0	0	-0.117400296	-0.006390472	0.0028709888	NaN	NaN	NaN	1.1111111e-07	1e-07	81
0	0	-0.19705401	0	-1	-6.1232336e-17	0	1	6.123234e-17	0	-6.123233e-17	-1	0	0	0	0	-0.104436554	-0.006523361	0.002442644	NaN	NaN	NaN	1.2345679e-07	1e-07	81
0	0	-0.19705401	0	-1	-6.123234e-17	0	1	6.123234e-17	0	-6.1232336e-17	-1	0	0	0	0	-0.09319693	-0.0066667036	0.0020950113	NaN	NaN	NaN	1.3580247e-07	1e-07	81
0	0	-0.19705401	0	-1	-6.123234e-17	0	1	6.123234e-17	0	-6.123233e-17	-1	0	0	0	0	-0.083398536	-0.0068194866	0.0018105988	NaN	NaN	NaN	1.4814815e-07	1e-07	81
0	0	-0.19705401	0	-1	-6.123234e-17	0	1	6.123234e-17	0	-6.1232336e-17	-1	0	0	0	0	-0.074813105	-0.0069805896	0.0015761799	NaN	NaN	NaN	1.6049383e-07	1e-07	81
0	0	-0.19705401	0	-1	-6.1232336e-17	0	1	6.123234e-17	0	-6.123233e-17	-1	0	0	0	0	-0.06725482	-0.0071488232	0.0013816473	NaN	NaN	NaN	1.728395e-07	1e-07	81
0	0	-0.19705401	0	-1	-6.123234e-17	0	1	6.123234e-17	0	-6.1232336e-17	-1	0	0	0	0	-0.0605711	-0.007322979	0.0012191982	NaN	NaN	NaN	1.8518519e-07	1e-07	81
0	0	-0.19705401	0	-1	-6.123234e-17	0	1	6.1232336e-17	0	-6.1232336e-17	-1	0	0	0	0	-0.054635867	-0.0075018452	0.0010827626	NaN	NaN	NaN	1.9753087e-07	1e-07	81
0	0	-0.19705401	0	-1	-6.123234e-17	0	1	6.123234e-17	0	-6.1232336e-17	-1	0	0	0	0	-0.049344275	-0.0076842178	0.00096756837	NaN	NaN	NaN	2.0987655e-07	1e-07	81
0	0	-0.19705401	0	-1	-6.123234e-17	0	1	6.123234e-17	0	-6.123233e-17	-1	0	0	0	0	-0.044608437	-0.007868904	0.000869843	NaN	NaN	NaN	2.2222223e-07	1e-07	81
0	0	-0.19705401	0	-1	-6.123234e-17	0	1	6.123234e-17	0	-6.123233e-17	-1	0	0	0	0	-0.04035436	-0.008054737	0.0007865798	NaN	NaN	NaN	2.345679e-07	1e-07	81
0	0	-0.19705401	0	-1	-6.123234e-17	0	1	6.123234e-17	0	-6.1232336e-17	-1	0	0	0	0	-0.036519498	-0.008240568	0.0007153565	NaN	NaN	NaN	2.4691357e-07	1e-07	81
0	0	-0.19705401	0	-1	-6.1232336e-17	0	1	6.123234e-17	0	-6.1232336e-17	-1	0	0	0	0	-0.03305036	-0.008425281	0.0006542289	NaN	NaN	NaN	2.5925925e-07	1e-07	81
0	0	-0.19705401	0	-1	-6.123234e-17	0	1	6.1232336e-17	0	-6.123233e-17	-1	0	0	0	0	-0.029901301	-0.008607768	0.00060160377	NaN	NaN	NaN	2.7160493e-07	1e-07	81
0	0	-0.19705401	0	-1	-6.1232336e-17	0	1	6.123234e-17	0	-6.123233e-17	-1	0	0	0	0	-0.027033012	-0.008786966	0.0005561885	NaN	NaN	NaN	2.839506e-07	1e-07	81
0	0	-0.19705401	0	-1	-6.1232336e-17	0	1	6.123234e-17	0	-6.123233e-17	-1	0	0	0	0	-0.024411438	-0.008961823	0.00051691715	NaN	NaN	NaN	2.962963e-07	1e-07	81
0	0	-0.19705401	0	-1	-6.1232336e-17	0	1	6.1232336e-17	0	-6.123233e-17	-1	0	0	0	0	-0.02200687	-0.009131322	0.0004829138	NaN	NaN	NaN	3.0864197e-07	1e-07	81
0	0	-0.19705401	0	-1	-6.123234e-17	0	1	6.123234e-17	0	-6.123233e-17	-1	0	0	0	0	-0.01979346	-0.009294484	0.0004534403	NaN	NaN	NaN	3.2098765e-07	1e-07	81
0	0	-0.19705401	0	-1	-6.123234e-17	0	1	6.123234e-17	0	-6.123233e-17	-1	0	0	0	0	-0.017748283	-0.009450372	0.00042789552	NaN	NaN	NaN	3.3333333e-07	1e-07	81
0	0	-0.19705401	0	-1	-6.123234e-17	0	1	6.1232336e-17	0	-6.123233e-17	-1	0	0	0	0	-0.015851093	-0.009598081	0.00040576883	NaN	NaN	NaN	3.45679e-07	1e-07	81
0	0	-0.19705401	0	-1	-6.123234e-17	0	1	6.123234e-17	0	-6.1232336e-17	-1	0	0	0	0	-0.014083873	-0.009736752	0.00038664756	NaN	NaN	NaN	3.580247e-07	1e-07	81
0	0	-0.19705401	0	-1	-6.123234e-17	0	1	6.123234e-17	0	-6.123233e-17	-1	0	0	0	0	-0.01243042	-0.009865572	0.00037016874	NaN	NaN	NaN	3.7037037e-07	1e-07	81
0	0	-0.19705401	0	-1	-6.123234e-17	0	1	6.123234e-17	0	-6.123233e-17	-1	0	0	0	0	-0.010875924	-0.00998379	0.000356042	NaN	NaN	NaN	3.8271605e-07	1e-07	81
0	0	-0.19705401	0	-1	-6.123234e-17	0	1	6.123234e-17	0	-6.1232336e-17	-1	0	0	0	0	-0.009407165	-0.010090708	0.0003440173	NaN	NaN	NaN	3.9506173e-07	1e-07	81
0	0	-0.19705401	0	-1	-6.1232336e-17	0	1	6.1232336e-17	0	-6.1232336e-17	-1	0	0	0	0	-0.008011723	-0.010185702	0.0003338944	NaN	NaN	NaN	4.074074e-07	1e-07	81
0	0	-0.19705401	0	-1	-6.123234e-17	0	1	6.123234e-17	0	-6.123233e-17	-1	0	0	0	0	-0.0066782655	-0.010268199	0.00032550047	NaN	NaN	NaN	4.197531e-07	1e-07	81
0	0	-0.19705401	0	-1	-6.123234e-17	0	1	6.123234e-17	0	-6.123233e-17	-1	0	0	0	0	-0.005396047	-0.01033772	0.00031870557	NaN	NaN	NaN	4.3209877e-07	1e-07	81
0	0	-0.19705401	0	-1	-6.123234e-17	0	1	6.1232336e-17	0	-6.123233e-17	-1	0	0	0	0	-0.004155036	-0.010393839	0.00031338696	NaN	NaN	NaN	4.4444445e-07	1e-07	81
0	0	-0.19705401	0	-1	-6.1232336e-17	0	1	6.123234e-17	0	-6.1232336e-17	-1	0	0	0	0	-0.0029456143	-0.01043623	0.00030947223	NaN	NaN	NaN	4.5679013e-07	1e-07	81
0	0	-0.19705401	0	-1	-6.123234e-17	0	1	6.123234e-17	0	-6.123233e-17	-1	0	0	0	0	-0.0017585063	-0.01046463	0.00030689602	NaN	NaN	NaN	4.691358e-07	1e-07	81
0	0	-0.19705401	0	-1	-6.123234e-17	0	1	6.1232336e-17	0	-6.1232336e-17	-1	0	0	0	0	-0.00058469316	-0.010478875	0.0003056188	NaN	NaN	NaN	4.814815e-07	1e-07	81
0	0	-0.19705401	0	-1	-6.123234e-17	0	1	6.1232336e-17	0	-6.123233e-17	-1	0	0	0	0	NaN	NaN	NaN	NaN	NaN	NaN	4.9382714e-07	1e-07	81
0	0	-0.19705401	0	-1	-6.123234e-17	0	1	6.123234e-17	0	-6.1232336e-17	-1	0	0	0	0	0.00058470154	-0.010478874	0.0003056192	NaN	NaN	NaN	5.0617285e-07	1e-07	81
0	0	-0.19705401	0	-1	-6.123234e-17	0	1	6.123234e-17	0	-6.123233e-17	-1	0	0	0	0	0.0017585064	-0.010464633	0.00030689948	NaN	NaN	NaN	5.185185e-07	1e-07	81
0	0	-0.19705401	0	-1	-6.123234e-17	0	1	6.123234e-17	0	-6.123233e-17	-1	0	0	0	0	0.0029456285	-0.010436229	0.00030947482	NaN	NaN	NaN	5.308642e-07	1e-07	81
0	0	-0.19705401	0	-1	-6.123234e-17	0	1	6.1232336e-17	0	-6.1232336e-17	-1	0	0	0	0	0.004155007	-0.010393842	0.00031339415	NaN	NaN	NaN	5.4320986e-07	1e-07	81
0	0	-0.19705401	0	-1	-6.123234e-17	0	1	6.123234e-17	0	-6.123233e-17	-1	0	0	0	0	0.0053960504	-0.01033772	0.00031870673	NaN	NaN	NaN	5.555556e-07	1e-07	81
0	0	-0.19705401	0	-1	-6.123234e-17	0	1	6.123234e-17	0	-6.123233e-17	-1	0	0	0	0	0.0066782217	-0.010268204	0.0003255057	NaN	NaN	NaN	5.679012e-07	1e-07	81
0	0	-0.19705401	0	-1	-6.123234e-17	0	1	6.123234e-17	0	-6.1232336e-17	-1	0	0	0	0	0.008011736	-0.010185702	0.00033389655	NaN	NaN	NaN	5.8024693e-07	1e-07	81
0	0	-0.19705401	0	-1	-6.123234e-17	0	1	6.1232336e-17	0	-6.123233e-17	-1	0	0	0	0	0.009407124	-0.010090711	0.00034401816	NaN	NaN	NaN	5.925926e-07	1e-07	81
0	0	-0.19705401	0	-1	-6.123234e-17	0	1	6.123234e-17	0	-6.1232336e-17	-1	0	0	0	0	0.01087596	-0.009983791	0.00035603862	NaN	NaN	NaN	6.049383e-07	1e-07	81
0	0	-0.19705401	0	-1	-6.123234e-17	0	1	6.123234e-17	0	-6.123233e-17	-1	0	0	0	0	0.01243038	-0.009865575	0.00037016565	NaN	NaN	NaN	6.1728394e-07	1e-07	81
0	0	-0.19705401	0	-1	-6.123234e-17	0	1	6.123234e-17	0	-6.123233e-17	-1	0	0	0	0	0.014083863	-0.009736754	0.0003866414	NaN	NaN	NaN	6.2962965e-07	1e-07	81
0	0	-0.19705401	0	-1	-6.123234e-17	0	1	6.123234e-17	0	-6.123233e-17	-1	0	0	0	0	0.015851099	-0.009598084	0.00040576703	NaN	NaN	NaN	6.419753e-07	1e-07	81
0	0	-0.19705401	0	-1	-6.123234e-17	0	1	6.1232336e-17	0	-6.1232336e-17	-1	0	0	0	0	0.017748272	-0.009450373	0.00042789336	NaN	NaN	NaN	6.54321e-07	1e-07	81
0	0	-0.19705401	0	-1	-6.1232336e-17	0	1	6.1232336e-17	0	-6.123233e-17	-1	0	0	0	0	0.019793417	-0.009294489	0.00045343625	NaN	NaN	NaN	6.6666666e-07	1e-07	81
0	0	-0.19705401	0	-1	-6.123234e-17	0	1	6.123234e-17	0	-6.1232336e-17	-1	0	0	0	0	0.022006921	-0.009131326	0.00048290894	NaN	NaN	NaN	6.790124e-07	1e-07	81
0	0	-0.19705401	0	-1	-6.123234e-17	0	1	6.123234e-17	0	-6.123233e-17	-1	0	0	0	0	0.024411412	-0.0089618275	0.00051691715	NaN	NaN	NaN	6.91358e-07	1e-07	81
0	0	-0.19705401	0	-1	-6.1232336e-17	0	1	6.123234e-17	0	-6.1232336e-17	-1	0	0	0	0	0.02703308	-0.008786971	0.0005561879	NaN	NaN	NaN	7.037037e-07	1e-07	81
0	0	-0.19705401	0	-1	-6.1232336e-17	0	1	6.1232336e-17	0	-6.123233e-17	-1	0	0	0	0	0.029901313	-0.008607776	0.0006016061	NaN	NaN	NaN	7.160494e-07	1e-07	81
0	0	-0.19705401	0	-1	-6.123234e-17	0	1	6.123234e-17	0	-6.123233e-17	-1	0	0	0	0	0.033050373	-0.008425288	0.00065422914	NaN	NaN	NaN	7.2839504e-07	1e-07	81
0	0	-0.19705401	0	-1	-6.123234e-17	0	1	6.123234e-17	0	-6.123233e-17	-1	0	0	0	0	0.036519457	-0.008240577	0.00071535545	NaN	NaN	NaN	7.4074075e-07	1e-07	81
0	0	-0.19705401	0	-1	-6.123234e-17	0	1	6.1232336e-17	0	-6.1232336e-17	-1	0	0	0	0	0.04035435	-0.008054744	0.00078657555	NaN	NaN	NaN	7.530864e-07	1e-07	81
0	0	-0.19705401	0	-1	-6.1232336e-17	0	1	6.1232336e-17	0	-6.123233e-17	-1	0	0	0	0	0.04460839	-0.00786891	0.0008698404	NaN	NaN	NaN	7.654321e-07	1e-07	81
0	0	-0.19705401	0	-1	-6.1232336e-17	0	1	6.123234e-17	0	-6.1232336e-17	-1	0	0	0	0	0.04934427	-0.0076842257	0.00096756703	NaN	NaN	NaN	7.7777776e-07	1e-07	81
0	0	-0.19705401	0	-1	-6.123234e-17	0	1	6.123234e-17	0	-6.123233e-17	-1	0	0	0	0	0.05463588	-0.007501851	0.0010827605	NaN	NaN	NaN	7.9012347e-07	1e-07	81
0	0	-0.19705401	0	-1	-6.1232336e-17	0	1	6.123234e-17	0	-6.1232336e-17	-1	0	0	0	0	0.06057106	-0.007322985	0.0012191968	NaN	NaN	NaN	8.024691e-07	1e-07	81
0	0	-0.19705401	0	-1	-6.123234e-17	0	1	6.123234e-17	0	-6.123233e-17	-1	0	0	0	0	0.06725478	-0.007148826	0.0013816422	NaN	NaN	NaN	8.148148e-07	1e-07	81
0	0	-0.19705401	0	-1	-6.123234e-17	0	1	6.123234e-17	0	-6.123233e-17	-1	0	0	0	0	0.07481312	-0.006980593	0.0015761779	NaN	NaN	NaN	8.271605e-07	1e-07	81
0	0	-0.19705401	0	-1	-6.123234e-17	0	1	6.123234e-17	0	-6.1232336e-17	-1	0	0	0	0	0.08339855	-0.0068194917	0.0018105918	NaN	NaN	NaN	8.395062e-07	1e-07	81
0	0	-0.19705401	0	-1	-6.1232336e-17	0	1	6.123234e-17	0	-6.123233e-17	-1	0	0	0	0	0.09319692	-0.0066667097	0.0020950024	NaN	NaN	NaN	8.5185184e-07	1e-07	81
0	0	-0.19705401	0	-1	-6.123234e-17	0	1	6.123234e-17	0	-6.123233e-17	-1	0	0	0	0	0.10443656	-0.006523367	0.0024426382	NaN	NaN	NaN	8.6419755e-07	1e-07	81
0	0	-0.19705401	0	-1	-6.123234e-17	0	1	6.123234e-17	0	-6.123233e-17	-1	0	0	0	0	0.117400266	-0.0063904775	0.0028709827	NaN	NaN	NaN	8.765432e-07	1e-07	81
0	0	-0.19705401	0	-1	-6.123234e-17	0	1	6.123234e-17	0	-6.123233e-17	-1	0	0	0	0	0.13244216	-0.006268866	0.0034034313	NaN	NaN	NaN	8.888889e-07	1e-07	81
0	0	-0.19705401	0	-1	-6.123234e-17	0	1	6.123234e-17	0	-6.1232336e-17	-1	0	0	0	0	0.15001017	-0.006159067	0.0040716454	NaN	NaN	NaN	9.0123456e-07	1e-07	81
0	0	-0.19705401	0	-1	-6.123234e-17	0	1	6.123234e-17	0	-6.123233e-17	-1	0	0	0	0	0.1706785	-0.006061173	0.0049190666	NaN	NaN	NaN	9.1358027e-07	1e-07	81
0	0	-0.19705401	0	-1	-6.123234e-17	0	1	6.123234e-17	0	-6.1232336e-17	-1	0	0	0	0	0.19519372	-0.005974669	0.006006155	NaN	NaN	NaN	9.259259e-07	1e-07	81
0	0	-0.19705401	0	-1	-6.123234e-17	0	1	6.123234e-17	0	-6.123233e-17	-1	0	0	0	0	0.22454262	-0.0058982125	0.0074185445	NaN	NaN	NaN	9.382716e-07	1e-07	81
0	0	-0.19705401	0	-1	-6.1232336e-17	0	1	6.1232336e-17	0	-6.1232336e-17	-1	0	0	0	0	0.26005292	-0.00582944	0.009280003	NaN	NaN	NaN	9.506173e-07	1e-07	81
0	0	-0.19705401	0	-1	-6.123234e-17	0	1	6.1232336e-17	0	-6.123233e-17	-1	0	0	0	0	0.30354834	-0.005764781	0.011774371	NaN	NaN	NaN	9.62963e-07	1e-07	81
0	0	-0.19705401	0	-1	-6.123234e-17	0	1	6.1232336e-17	0	-6.123233e-17	-1	0	0	0	0	0.35746285	-0.005699436	0.015182849	NaN	NaN	NaN	9.753087e-07	1e-07	81
0	0	-0.19705401	0	-1	-6.123234e-17	0	1	6.1232336e-17	0	-6.123233e-17	-1	0	0	0	0	0.42561042	-0.0056275423	0.019968443	NaN	NaN	NaN	9.876543e-07	1e-07	81
0	0	-0.19705401	0	-1	-6.123234e-17	0	1	6.1232336e-17	0	-6.1232336e-17	-1	0	0	0	0	0.42561042	-0.0056275423	0.019968443	1.7193648e-09	-0.009952889	-1.3611637e-09	9.876543e-07	5e-08	81
0	0	-0.19705401	0	-1	-6.123234e-17	0	1	6.123234e-17	0	-6.123233e-17	-1	0	0	0	0	0.42561042	-0.0056275423	0.019968443	1.8357801e-09	-0.010028412	1.074603e-10	9.876543e-07	6.351351e-08	81
0	0	-0.19705401	0	-1	-6.123234e-17	0	1	6.123234e-17	0	-6.1232336e-17	-1	0	0	0	0	0.42561042	-0.0056275423	0.019968443	2.0059256e-09	-0.010224565	2.0820432e-09	9.876543e-07	7.7027025e-08	81
0	0	-0.19705401	0	-1	-6.123234e-17	0	1	6.123234e-17	0	-6.1232336e-17	-1	0	0	0	0	0.42561042	-0.0056275423	0.019968443	4.1103565e-09	-0.010516056	3.6357402e-09	9.876543e-07	9.054054e-08	81
0	0	-0.19705401	0	-1	-6.123234e-17	0	1	6.123234e-17	0	-6.123233e-17	-1	0	0	0	0	0.42561042	-0.0056275423	0.019968443	4.7819833e-09	-0.010913427	4.213339e-09	9.876543e-07	1.0405405e-07	81
0	0	-0.19705401	0	-1	-6.1232336e-17	0	1	6.123234e-17	0	-6.123233e-17	-1	0	0	0	0	0.42561042	-0.0056275423	0.019968443	4.5222874e-09	-0.011427975	2.6775524e-09	9.876543e-07	1.17567566e-07	81
0	0	-0.19705401	0	-1	-6.1232336e-17	0	1	6.123234e-17	0	-6.123233e-17	-1	0	0	0	0	0.42561042	-0.0056275423	0.019968443	6.062552e-09	-0.012072017	7.611771e-11	9.876543e-07	1.3108108e-07	81
0	0	-0.19705401	0	-1	-6.123234e-17	0	1	6.1232336e-17	0	-6.123233e-17	-1	0	0	0	0	0.42561042	-0.0056275413	0.019968443	7.302823e-09	-0.012859023	-2.341739e-09	9.876543e-07	1.445946e-07	81
0	0	-0.19705401	0	-1	-6.1232336e-17	0	1	6.123234e-17	0	-6.1232336e-17	-1	0	0	0	0	0.42561042	-0.0056275423	0.019968443	5.740171e-09	-0.013803873	-1.3477313e-09	9.876543e-07	1.5810811e-07	81
0	0	-0.19705401	0	-1	-6.123234e-17	0	1	6.1232336e-17	0	-6.123233e-17	-1	0	0	0	0	0.42561042	-0.0056275423	0.019968443	3.18575e-09	-0.014923206	2.3215903e-09	9.876543e-07	1.7162162e-07	81
0	0	-0.19705401	0	-1	-6.123234e-17	0	1	6.123234e-17	0	-6.123233e-17	-1	0	0	0	0	0.42561042	-0.0056275423	0.019968443	2.543227e-09	-0.016235707	4.287218e-09	9.876543e-07	1.8513514e-07	81
0	0	-0.19705401	0	-1	-6.123234e-17	0	1	6.123234e-17	0	-6.123233e-17	-1	0	0	0	0	0.42561042	-0.0056275423	0.019968443	2.4906162e-09	-0.017762538	4.515571e-09	9.876543e-07	1.9864865e-07	81
0	0	-0.19705401	0	-1	-6.123234e-17	0	1	6.123234e-17	0	-6.1232336e-17	-1	0	0	0	0	0.42561045	-0.0056275423	0.019968443	2.1458477e-09	-0.019527795	4.166325e-09	9.876543e-07	2.1216216e-07	81
0	0	-0.19705401	0	-1	-6.1232336e-17	0	1	6.123234e-17	0	-6.123233e-17	-1	0	0	0	0	0.42561045	-0.0056275423	0.019968443	1.4887729e-09	-0.021559272	2.820833e-09	9.876543e-07	2.2567568e-07	81
0	0	-0.19705401	0	-1	-6.123234e-17	0	1	6.1232336e-17	0	-6.123233e-17	-1	0	0	0	0	0.42561042	-0.0056275423	0.019968443	1.8984652e-09	-0.023889171	-1.634292e-10	9.876543e-07	2.3918918e-07	81
0	0	-0.19705401	0	-1	-6.123234e-17	0	1	6.123234e-17	0	-6.123233e-17	-1	0	0	0	0	0.42561042	-0.0056275423	0.019968443	2.4850193e-09	-0.026555033	-2.4200955e-09	9.876543e-07	2.527027e-07	81
0	0	-0.19705401	0	-1	-6.123234e-17	0	1	6.1232336e-17	0	-6.1232336e-17	-1	0	0	0	0	0.42561042	-0.0056275423	0.019968443	1.9790605e-09	-0.029600991	-2.2141298e-09	9.876543e-07	2.662162e-07	81
0	0	-0.19705401	0	-1	-6.1232336e-17	0	1	6.123234e-17	0	-6.123233e-17	-1	0	0	0	0	0.42561042	-0.0056275423	0.019968443	8.5072734e-11	-0.03307911	-1.2962398e-09	9.876543e-07	2.7972973e-07	81
0	0	-0.19705401	0	-1	-6.123234e-17	0	1	6.123234e-17	0	-6.123233e-17	-1	0	0	0	0	0.42561042	-0.0056275423	0.019968443	-6.8058187e-10	-0.037051324	-9.134125e-10	9.876543e-07	2.9324323e-07	81
0	0	-0.19705401	0	-1	-6.123234e-17	0	1	6.123234e-17	0	-6.1232336e-17	-1	0	0	0	0	0.42561042	-0.0056275423	0.019968443	2.3880066e-11	-0.039372247	-5.9700166e-12	9.876543e-07	3.0675676e-07	81
0	0	-0.19705401	0	-1	-6.123234e-17	0	1	6.123234e-17	0	-6.1232336e-17	-1	0	0	0	0	0.42561042	-0.0056275423	0.019968443	2.925308e-10	-0.044249345	7.611771e-10	9.876543e-07	3.2027026e-07	81
0	0	-0.19705401	0	-1	-6.123234e-17	0	1	6.1232336e-17	0	-6.123233e-17	-1	0	0	0	0	0.42561042	-0.0056275423	0.019968443	3.940211e-10	-0.04983923	4.0894613e-10	9.876543e-07	3.337838e-07	81
0	0	-0.19705401	0	-1	-6.1232336e-17	0	1	6.123234e-17	0	-6.123233e-17	-1	0	0	0	0	0.42561042	-0.0056275423	0.019968443	4.7760133e-11	-0.056261685	-1.2208684e-09	9.876543e-07	3.472973e-07	81
0	0	-0.19705401	0	-1	-6.123234e-17	0	1	6.123234e-17	0	-6.123233e-17	-1	0	0	0	0	0.42561042	-0.0056275423	0.019968443	3.58201e-10	-0.06366325	-2.564122e-09	9.876543e-07	3.6081082e-07	81
0	0	-0.19705401	0	-1	-6.123234e-17	0	1	6.123234e-17	0	-6.1232336e-17	-1	0	0	0	0	0.42561042	-0.0056275423	0.019968443	4.5372126e-10	-0.072224125	-1.7253348e-09	9.876543e-07	3.7432432e-07	81
0	0	-0.19705401	0	-1	-6.123234e-17	0	1	6.123234e-17	0	-6.123233e-17	-1	0	0	0	0	0.42561042	-0.0056275423	0.019968443	-2.3880066e-11	-0.08216787	1.1940033e-11	9.876543e-07	3.8783784e-07	81
0	0	-0.19705401	0	-1	-6.123234e-17	0	1	6.1232336e-17	0	-6.123233e-17	-1	0	0	0	0	0.42561042	-0.0056275423	0.019968443	-1.9104053e-10	-0.09377403	1.3969839e-09	9.876543e-07	4.0135134e-07	81
0	0	-0.19705401	0	-1	-6.123234e-17	0	1	6.123234e-17	0	-6.123233e-17	-1	0	0	0	0	0.42561042	-0.0056275423	0.019968443	-3.58201e-10	-0.10739573	2.173086e-09	9.876543e-07	4.1486487e-07	81
0	0	-0.19705401	0	-1	-6.1232336e-17	0	1	6.123234e-17	0	-6.1232336e-17	-1	0	0	0	0	0.42561045	-0.0056275423	0.019968443	3.8208106e-10	-0.12348381	2.3939766e-09	9.876543e-07	4.2837837e-07	81
0	0	-0.19705401	0	-1	-6.123234e-17	0	1	6.123234e-17	0	-6.123233e-17	-1	0	0	0	0	0.42561042	-0.0056275423	0.019968443	3.3432093e-10	-0.14262144	2.0775657e-09	9.876543e-07	4.418919e-07	81
0	0	-0.19705401	0	-1	-6.123234e-17	0	1	6.123234e-17	0	-6.123233e-17	-1	0	0	0	0	0.42561042	-0.0056275423	0.019968443	8.1192225e-10	-0.16557424	2.2686063e-10	9.876543e-07	4.554054e-07	81
0	0	-0.19705401	0	-1	-6.1232336e-17	0	1	6.123234e-17	0	-6.1232336e-17	-1	0	0	0	0	0.42561042	-0.0056275423	0.019968443	8.1192225e-10	-0.19336517	-1.6835446e-09	9.876543e-07	4.6891893e-07	81
0	0	-0.19705401	0	-1	-6.123234e-17	0	1	6.123234e-17	0	-6.1232336e-17	-1	0	0	0	0	0.42561042	-0.0056275423	0.019968443	1.5283242e-09	-0.22738904	-2.3641265e-09	9.876543e-07	4.824324e-07	81
0	0	-0.19705401	0	-1	-6.123234e-17	0	1	6.1232336e-17	0	-6.123233e-17	-1	0	0	0	0	0.42561042	-0.0056275423	0.019968443	1.3372837e-09	-0.2696554	-2.5790472e-09	9.876543e-07	4.959459e-07	81
0	0	-0.19705401	0	-1	-6.1232336e-17	0	1	6.123234e-17	0	-6.1232336e-17	-1	0	0	0	0	0.42561042	-0.0056275423	0.019968443	1.050723e-09	-0.32289106	-2.6984475e-09	9.876543e-07	5.094595e-07	81
0	0	-0.19705401	0	-1	-6.123234e-17	0	1	6.1232336e-17	0	-6.123233e-17	-1	0	0	0	0	0.42561042	-0.0056275423	0.019968443	1.2417635e-09	-0.39125824	-2.8178477e-09	9.876543e-07	5.22973e-07	81
0	0	-0.19705401	0	-1	-6.123234e-17	0	1	6.1232336e-17	0	-6.1232336e-17	-1	0	0	0	0	0.42561045	-0.0056275423	0.019968443	1.7193648e-09	-0.481332	-2.4357667e-09	9.876543e-07	5.364865e-07	81
